7,21,2,13 дюймов,Ремонт колес с одним проколом (камерные) / 13 дюймов,Ремонт колес с одним,13 дюймов,1,1,0,0,0,0,0,0,0
8,21,2,14 дюймов,Ремонт колес с одним проколом (камерные) / 14 дюймов,Ремонт колес с одним,14 дюймов,1,1,0,0,0,0,0,0,0
9,21,2,15 дюймов,Ремонт колес с одним проколом (камерные) / 15 дюймов,Ремонт колес с одним,15 дюймов,1,1,0,0,0,0,0,0,0
10,21,2,16 дюймов "Нива",Ремонт колес с одним проколом (камерные) / 16 дюймов "Нива",Ремонт колес с одним,16 дюймов "Нива",1,1,0,0,0,0,0,0,0
20,23,2,13 дюймов,Разбортовка / 13 дюймов,Разбортовка,13 дюймов,1,1,0,0,0,0,0,0,0
19,23,2,14 дюймов,Разбортовка / 14 дюймов,Разбортовка,14 дюймов,1,1,0,0,0,0,0,0,0
21,23,2,15 дюймов,Разбортовка / 15 дюймов,Разбортовка,15 дюймов,1,1,0,0,0,0,0,0,0
22,23,2,16 дюймов,Разбортовка / 16 дюймов,Разбортовка,16 дюймов,1,1,0,0,0,0,0,0,0
23,23,2,17 дюймов,Разбортовка / 17 дюймов,Разбортовка,17 дюймов,1,1,0,0,0,0,0,0,0
24,23,2,18 дюймов,Разбортовка / 18 дюймов,Разбортовка,18 дюймов,1,1,0,0,0,0,0,0,0
25,25,2,13 дюймов,Забортовка / 13 дюймов,Забортовка,13 дюймов,1,1,0,0,0,0,0,0,0
26,25,2,14 дюймов,Забортовка / 14 дюймов,Забортовка,14 дюймов,1,1,0,0,0,0,0,0,0
27,25,2,15 дюймов,Забортовка / 15 дюймов,Забортовка,15 дюймов,1,1,0,0,0,0,0,0,0
28,25,2,16 дюймов "Нива",Забортовка / 16 дюймов "Нива",Забортовка,16 дюймов "Нива",1,1,0,0,0,0,0,0,0
29,25,2,17 дюймов,Забортовка / 17 дюймов,Забортовка,17 дюймов,1,1,0,0,0,0,0,0,0
30,25,2,18 дюймов,Забортовка / 18 дюймов,Забортовка,18 дюймов,1,1,0,0,0,0,0,0,0
31,26,2,13 дюймов,Перебортовка / 13 дюймов,Перебортовка,13 дюймов,1,1,0,0,0,0,0,0,0
32,26,2,14 дюймов,Перебортовка / 14 дюймов,Перебортовка,14 дюймов,1,1,0,0,0,0,0,0,0
33,26,2,15 дюймов,Перебортовка / 15 дюймов,Перебортовка,15 дюймов,1,1,0,0,0,0,0,0,0
34,26,2,16 дюймов,Перебортовка / 16 дюймов,Перебортовка,16 дюймов,1,1,0,0,0,0,0,0,0
35,26,2,17 дюймов,Перебортовка / 17 дюймов,Перебортовка,17 дюймов,1,1,0,0,0,0,0,0,0
36,26,2,18 дюймов,Перебортовка / 18 дюймов,Перебортовка,18 дюймов,1,1,0,0,0,0,0,0,0
37,26,2,Автомобиль "Газель", "УАЗ", Джип,Перебортовка/Газель, Уаз, Джип,Перебортовка,Газель, Уаз, Джип,1,1,0,0,0,0,0,0,0
38,27,2,13 дюймов,Балансировка / 13 дюймов,Балансировка,13 дюймов,1,1,0,0,0,0,0,0,0
39,27,2,14 дюймов,Балансировка / 14 дюймов,Балансировка,14 дюймов,1,1,0,0,0,0,0,0,0
40,27,2,15 дюймов,Балансировка / 15 дюймов,Балансировка,15 дюймов,1,1,0,0,0,0,0,0,0
41,27,2,16 дюймов,Балансировка / 16 дюймов,Балансировка,16 дюймов,1,1,0,0,0,0,0,0,0
42,27,2,Автомобиль "Газель", "УАЗ",Балансировка / Автомобиль "Газель", "УАЗ",Балансировка,Автомобиль "Газель",,1,1,0,0,0,0,0,0,0
43,27,2,17 дюймов,Балансировка / 17 дюймов,Балансировка,17 дюймов,1,1,0,0,0,0,0,0,0
44,27,2,18 дюймов,Балансировка / 18 дюймов,Балансировка,18 дюймов,1,1,0,0,0,0,0,0,0
45,28,2,13 дюймов,Ремонт б/кам. покрышки по протектору / 13 дюймов,Ремонт б/кам. покрыш,13 дюймов,1,1,0,0,0,0,0,10,5
46,28,2,14 дюймов,Ремонт б/кам. покрышки по протектору / 14 дюймов,Ремонт б/кам. покрыш,14 дюймов,1,1,0,0,0,0,0,20,0
47,28,2,15 дюймов,Ремонт б/кам. покрышки по протектору / 15 дюймов,Ремонт б/кам. покрыш,15 дюймов,1,1,0,0,0,0,0,5,0
48,28,2,16 дюймов,Ремонт б/кам. покрышки по протектору / 16 дюймов,Ремонт б/кам. покрыш,16 дюймов,1,1,0,0,0,0,0,10,0
49,28,2,17 дюймов,Ремонт б/кам. покрышки по протектору / 17 дюймов,Ремонт б/кам. покрыш,17 дюймов,1,1,0,0,0,0,0,0,0
50,28,2,18 дюймов,Ремонт б/кам. покрышки по протектору / 18 дюймов,Ремонт б/кам. покрыш,18 дюймов,1,1,0,0,0,0,0,0,0
51,28,2,19 дюймов,Ремонт б/кам. покрышки по протектору / 19 дюймов,Ремонт б/кам. покрыш,19 дюймов,1,1,0,0,0,0,0,0,0
52,28,2,20 дюймов,Ремонт б/кам. покрышки по протектору / 20 дюймов,Ремонт б/кам. покрыш,20 дюймов,1,1,0,0,0,0,0,0,0
53,28,2,21 дюймов,Ремонт б/кам. покрышки по протектору / 21 дюймов,Ремонт б/кам. покрыш,21 дюймов,1,1,0,0,0,0,0,0,0
54,28,2,22 дюймов,Ремонт б/кам. покрышки по протектору / 22 дюймов,Ремонт б/кам. покрыш,22 дюймов,1,1,0,0,0,0,0,15,0
55,29,2,15 дюймов,Низ. проф. ремонт б/кам. покрышки по протектору / 15 дюймов,Низ. проф. ремонт б/,15 дюймов,1,1,0,0,0,0,0,0,0
56,29,2,16 дюймов,Низ. проф. ремонт б/кам. покрышки по протектору / 16 дюймов,Низ. проф. ремонт б/,16 дюймов,1,1,0,0,0,0,0,0,0
57,29,2,17 дюймов,Низ. проф. ремонт б/кам. покрышки по протектору / 17 дюймов,Низ. проф. ремонт б/,17 дюймов,1,1,0,0,0,0,0,0,0
58,30,2,13 дюймов,Автоматическая правка дисков / 13 дюймов,Автом. правка дисков,13 дюймов,1,1,0,0,0,0,0,0,0
59,30,2,14 дюймов,Автоматическая правка дисков / 14 дюймов,Автом. правка дисков,14 дюймов,1,1,0,0,0,0,0,0,0
60,30,2,15 дюймов,Автоматическая правка дисков / 15 дюймов,Автом. правка дисков,15 дюймов,1,1,0,0,0,0,0,0,0
61,30,2,16 дюймов,Автоматическая правка дисков / 16 дюймов,Автом. правка дисков,16 дюймов,1,1,0,0,0,0,0,0,0
62,30,2,Автомобиль "Газель",Автоматическая правка дисков / Автомобиль "Газель",Автом. правка дисков,Автомобиль "Газель",1,1,0,0,0,0,0,0,0
63,31,1,до 15 гр. вкл.,Расходные материалы/грузики до 15 гр.,Расх. материалы,грузики до 15гр.,1,1,0,0,0,0,0,0,0
64,31,1,от 20 до 60 гр.,Расходные материалы/ грузики от 20 до 60 гр,Расх. материалы,от 20 до 60 гр.,1,1,0,0,0,0,0,0,0
65,31,1,более 60 гр.,Расходные материалы/грузики более 60 гр.,Расх. материалы,более 60 гр.,1,1,0,0,0,0,0,0,0
66,31,1,Алюминиевые,Расходные материалы/грузики алюм.,Расх. материалы,Алюминиевые,1,1,0,0,0,0,0,0,0
67,31,1,Грузик Липучка (пластины),Расходные материалы/грузик липучка(пл),Расх. материалы,Грузик Липучка (пл.),5,1,0,0,0,0,0,0,0
68,31,1,Грузик Липучка (грамм),Расходные материалы/грузик липучка(гр),Расх. материалы,Грузик Липучка (гр.),6,1,0,0,0,0,0,0,0
69,31,1,Вентиль,Расходные материалы/вентиль,Расх. материалы,Вентиль,1,1,0,0,0,0,0,0,0
70,32,2,13-20 дюймов,Правка и вытяжка легкосплавных дисков / 13-20 дюймов,Правка/вытяжка диска,13-20 дюймов,1,1,0,0,0,0,0,0,0
71,33,2,за одно колесо,Мойка колеса / за одно колесо,Мойка колеса,за одно колесо,1,1,0,0,0,0,0,0,0
72,34,2,12-22 дюйма,Чистка дисков / 12-22 дюйма,Чистка дисков,12-22 дюйма,1,1,0,0,0,0,0,0,0
73,35,2,140 шипов,Шиповка шиповальным п/автоматом / 140 шипов,Шиповка п/автоматич.,140 шипов,1,1,0,0,0,0,0,0,0
74,36,1,140 шипов,Шиповка ручная / 140 шипов,Шиповка ручная,140 шипов,1,1,0,0,0,0,0,0,0
75,37,2,4 шпильки,Монтаж колес / 4 шпильки,Монтаж  колес (4шп.),4 шпильки,1,1,0,0,0,0,0,0,0
76,37,2,5 шпилек,Монтаж колес / 5 шпилек,Монтаж колес (5шп.),5 шпилек,1,1,0,0,0,0,0,15,0
77,37,2,6 шпилек,Монтаж колес / 6 шпилек,Монтаж колес (6шп.),6 шпилек,1,1,0,0,0,0,0,0,0
78,37,2,джип,Монтаж колес / джип,Монтаж колес (джип),джип,1,1,0,0,0,0,0,0,0
79,38,2,колесо,Проверка на герметичность / колесо,Проверка на гермет.,колесо,1,1,0,0,0,0,0,0,0
80,39,2,легковой автомобиль,Заклейка камеры/легковой автомобиль,Заклейка камеры,легковой автомобиль,1,1,0,0,0,0,0,0,0
81,40,2,шт,Приварка грузового вентиля к камере / шт,Приварка гр.вентиля,шт,1,1,0,0,0,0,0,0,0
82,41,1,шт,Приварка легкового вентиля к камере / шт,Приварка лег.вентиля,шт,1,1,0,0,0,0,0,0,0
83,42,2,15 дюймов,Низкопрофильная забортовка-разбортовка / 15 дюймов,Низ. забортовка,15 дюймов,1,1,0,0,0,0,0,0,0
84,42,2,16 дюймов,Низкопрофильная забортовка-разбортовка / 16 дюймов,Низ. забортовка,16 дюймов,1,1,0,0,0,0,0,0,0
85,42,2,17 дюймов,Низкопрофильная забортовка-разбортовка / 17 дюймов,Низ. забортовка,17 дюймов,1,1,0,0,0,0,0,0,0
86,42,2,18 дюймов,Низкопрофильная забортовка-разбортовка / 18 дюймов,Низ. забортовка,18 дюймов,1,1,0,0,0,0,0,0,0
87,42,2,19 дюймов,Низкопрофильная забортовка-разбортовка / 19 дюймов,Низ. забортовка,19 дюймов,1,1,0,0,0,0,0,0,0
88,42,2,20 дюймов,Низкопрофильная забортовка-разбортовка / 20 дюймов,Низ. забортовка,20 дюймов,1,1,0,0,0,0,0,0,0
89,42,2,21 дюймов,Низкопрофильная забортовка-разбортовка / 21 дюймов,Низ. забортовка,21 дюймов,1,1,0,0,0,0,0,0,0
90,42,2,22 дюймов,Низкопрофильная забортовка-разбортовка / 22 дюймов,Низ. забортовка,22 дюймов,1,1,0,0,0,0,0,0,0
91,43,2,15 дюймов,Низкопрофильная перебортовка / 15 дюймов,Низ. перебортовка,15 дюймов,1,1,0,0,0,0,0,0,0
92,43,2,16 дюймов,Низкопрофильная перебортовка / 16 дюймов,Низ. перебортовка,16 дюймов,1,1,0,0,0,0,0,0,0
93,43,2,17 дюймов,Низкопрофильная перебортовка / 17 дюймов,Низ. перебортовка,17 дюймов,1,1,0,0,0,0,0,0,0
94,43,2,18 дюймов,Низкопрофильная перебортовка / 18 дюймов,Низ. перебортовка,18 дюймов,1,1,0,0,0,0,0,0,0
95,43,2,19 дюймов,Низкопрофильная перебортовка / 19 дюймов,Низ. перебортовка,19 дюймов,1,1,0,0,0,0,0,0,0
96,43,2,20 дюймов,Низкопрофильная перебортовка / 20 дюймов,Низ. перебортовка,20 дюймов,1,1,0,0,0,0,0,0,0
97,43,2,21 дюймов,Низкопрофильная перебортовка / 21 дюймов,Низ. перебортовка,21 дюймов,1,1,0,0,0,0,0,0,0
98,43,2,22 дюймов,Низкопрофильная перебортовка / 22 дюймов,Низ. перебортовка,22 дюймов,1,1,0,0,0,0,0,0,0
99,44,2,15 дюймов,Низкопрофильная балансировка / 15 дюймов,Низ. балансировка,15 дюймов,1,1,0,0,0,0,0,0,0
100,44,2,16 дюймов,Низкопрофильная балансировка / 16 дюймов,Низ. балансировка,16 дюймов,1,1,0,0,0,0,0,0,0
101,44,2,17 дюймов,Низкопрофильная балансировка / 17 дюймов,Низ. балансировка,17 дюймов,1,1,0,0,0,0,0,0,0
102,44,2,18 дюймов,Низкопрофильная балансировка / 18 дюймов,Низ. балансировка,18 дюймов,1,1,0,0,0,0,0,0,0
103,44,2,19 дюймов,Низкопрофильная балансировка / 19 дюймов,Низ. балансировка,19 дюймов,1,1,0,0,0,0,0,0,0
104,44,2,20 дюймов,Низкопрофильная балансировка / 20 дюймов,Низ. балансировка,20 дюймов,1,1,0,0,0,0,0,0,0
105,44,2,21 дюймов,Низкопрофильная балансировка / 21 дюймов,Низ. балансировка,21 дюймов,1,1,0,0,0,0,0,0,0
106,44,2,22 дюймов,Низкопрофильная балансировка / 22 дюймов,Низкопрофильная бала,22 дюймов,1,1,0,0,0,0,0,0,0
107,45,2,снять колесо "Газель",Снять колесо переднее(заднее наруж.) "Газель",Снять колесо Газель,перед/зад,1,1,0,0,0,0,0,0,0
108,46,2,снять колесо заднее внут. "Газель",Снять колесо заднее внутреннее"Газель",Снять колесо Газель,заднее ,1,1,0,0,0,0,0,0,0
109,47,2,снять колесо заднее внут. c футорками "Газель",Cнять колесо заднее внут. c футорками "Газель",Cнять колесо Газель,заднее с футорками,1,1,0,0,0,0,0,0,0
110,48,2,cнять колесо заднее нар. c футорками "Газель",Cнять колесо заднее нар. c футорками "Газель",Cнять колесо Газель,наружное с футорками,1,1,0,0,0,0,0,0,0
111,49,2,утилизация покрышек,Утилизация покрышек / утилизация покрышек,Утилизация покрышек,шт,1,1,0,0,0,0,0,0,0
112,50,2,сложный ремонт колеса,Сложный ремонт колес/один прокол,Сложный ремонт колес,один прокол,1,1,0,0,0,0,0,0,0
162,76,2,сложный ремонт,Сложный ремонт колеса (>2 проколов) / сложный ремонт,Сложный ремонт колес,сложный ремонт,1,1,0,0,0,0,0,0,0
113,51,2,легковый а/м,Подкачка колес / легковый а/м,Подкачка колес,легковый а/м,1,1,0,0,0,0,0,0,0
114,51,2,со снятием колпака,Подкачка колес / со снятием колпака,Подкачка колес,со снятием колпака,1,1,0,0,0,0,0,0,0
115,51,2,"Газель", "ЗиЛ", грузовые,Подкачка колес / "Газель", "ЗиЛ", грузовые,Подкачка колес,"Газель", "ЗиЛ", гр.,1,1,0,0,0,0,0,0,0
116,53,2,13 дюймов,Покраска мет. дисков / 13 дюймов,Покраска мет. дисков,13 дюймов,1,1,0,0,0,0,0,0,0
117,53,2,14 дюймов,Покраска мет. дисков / 14 дюймов,Покраска мет. дисков,14 дюймов,1,1,0,0,0,0,0,0,0
118,53,2,15 дюймов,Покраска мет. дисков / 15 дюймов,Покраска мет. дисков,15 дюймов,1,1,0,0,0,0,0,0,0
119,53,2,16 дюймов,Покраска мет. дисков / 16 дюймов,Покраска мет. дисков,16 дюймов,1,1,0,0,0,0,0,0,0
120,54,2,13 дюймов,Покраска литых дисков / 13 дюймов,Покраска литья,13 дюймов,1,1,0,0,0,0,0,0,0
121,54,2,14 дюймов,Покраска литых дисков / 14 дюймов,Покраска литья,14 дюймов,1,1,0,0,0,0,0,0,0
122,54,2,15 дюймов,Покраска литых дисков / 15 дюймов,Покраска литья,15 дюймов,1,1,0,0,0,0,0,0,0
123,54,2,16 дюймов,Покраска литых дисков / 16 дюймов,Покраска литья,16 дюймов,1,1,0,0,0,0,0,0,0
124,54,2,17 дюймов и более,Покраска литых дисков / 17 дюймов и более,Покраска литья,17 дюймов и более,1,1,0,0,0,0,0,0,0
125,55,2,одна гайка/болт,Протяжка динам. ключем / одна гайка/болт,Протяжка динам. ключ,одна гайка/болт,1,1,0,0,0,0,0,0,0
126,56,2,пакет для упаковки,Пакет для упаковки колес / пакет для упаковки,Пакет для колеса,шт,1,1,0,0,0,0,0,0,0
129,58,1,55555555,Бортовка / 55555555,Бортовка,55555555,1,1,0,0,0,0,0,0,0
130,21,1,Автомобиль "Газель", "УАЗ",Автомобиль "Газель", "УАЗ",Ремонт колес с одним,null,1,1,0,0,0,0,0,0,0
131,21,1,Груз с кольц.,Ремонт колес с одним проколом / Груз с кольц.,Ремонт колес с одним,null,1,1,0,0,0,0,0,0,0
132,65,1,13 дюймов,Обмен дисков, Обмен дисков,13 дюймов,1,1,0,0,0,0,0,0,0
133,65,1,14 дюймов,Обмен дисков,Обмен дисков,14 дюймов,1,1,0,0,0,0,0,0,0
134,65,1,15 дюймов,Обмен дисков,Обмен дисков,15 дюймов,1,1,0,0,0,0,0,0,0
135,65,1,16 дюймов,Обмен дисков, Обмен дисков,16 дюймов,1,1,0,0,0,0,0,0,0
137,65,1,13 дюймов (б.п.),Обмен дисков/13 дюймов (б.п.), Обмен дисков,13 дюймов (б.п.),1,1,0,0,0,0,0,0,0
138,65,1,14 дюймов (б.п.),Обмен дисков/14 дюймов (б.п.), Обмен дисков,14 дюймов (б.п.),1,1,0,0,0,0,0,0,0
139,65,1,15 дюймов (б.п.),Обмен дисков/15 дюймов (б.п.), Обмен дисков,15 дюймов (б.п.),1,1,0,0,0,0,0,0,0
140,65,1,16 дюймов (б.п.),Обмен дисков/16 дюймов (б.п.), Обмен дисков,16 дюймов (б.п.),1,1,0,0,0,0,0,0,0
141,66,1,13 дюймов,Покраска металл. дисков хромом /13 дюймов,Покраска хромом(мет),13 дюймов,1,1,0,0,0,0,0,0,0
142,66,1,14 дюймов,Покраска металл. дисков хромом/14 дюймов,Покраска хромом мета,null,1,1,0,0,0,0,0,0,0
143,66,1,15 дюймов,Покраска металл. дисков хромом/15 дюймов,Покраска хромом(мет),15 дюймов,1,1,0,0,0,0,0,0,0
144,66,1,16 дюймов,Покраска металл. дисков хромом/16 дюймов,Покраска хромом мета,16 дюймов,1,1,0,0,0,0,0,0,0
145,67,1,13 дюймов,Пескоструйка (штамп)/13 дюймов,Пескоструйка (штамп),13 дюймов,1,1,0,0,0,0,0,0,0
146,67,1,14 дюймов,Пескоструйка (штамп)/14 дюймов,Пескоструйка (штамп),14 дюймов,1,1,0,0,0,0,0,0,0
147,67,1,15 дюймов,Пескоструйка (штамп) / 15 дюймов,Пескоструйка (штамп),15 дюймов,1,1,0,0,0,0,0,0,0
148,67,1,16 дюймов,Пескоструйка (штамп) / 16 дюймов,Пескоструйка (штамп),16 дюймов,1,1,0,0,0,0,0,0,0
149,67,1,16 дюймов (груз),Пескоструйка (штамп) / 16 дюймов (груз),Пескоструйка (штамп),17 дюймов (груз),1,1,0,0,0,0,0,0,0
150,67,1,17,5 дюймов,Пескоструйка (штамп) / 17,5 дюймов,Пескоструйка (штамп),17,5 дюймов,1,1,0,0,0,0,0,0,0
152,68,1,13 дюймов,Пескоструйка (литье) /13 дюймов,Пескоструйка (литье),13 дюймов,1,1,0,0,0,0,0,0,0
157,68,1,15 дюймов,Пескоструйка (литье) /15 дюймов,Пескоструйка (литье),15 дюймов,1,1,0,0,0,0,0,0,0
154,68,1,14 дюймов,Пескоструйка (литье) /14 дюймов,Пескоструйка (литье),14 дюймов,1,1,0,0,0,0,0,0,0
158,68,1,16 дюймов,Пескоструйка (литье) /16 дюймов,Пескоструйка (литье),16 дюймов,1,1,0,0,0,0,0,0,0
159,68,1,17 дюймов,Пескоструйка (литье) /17 дюймов,Пескоструйка (литье),17 дюймов,1,1,0,0,0,0,0,0,0
160,68,1,18 дюймов,Пескоструйка (литье) /18 дюймов,Пескоструйка (литье),18 дюймов,1,1,0,0,0,0,0,0,0
161,31,1,Пакет для колеса,Пакет для колеса,Расходные материалы,Пакет для колеса,1,1,0,0,0,0,0,0,0
163,39,1,грузовой автомобиль,Заклейка камеры/грузовой автомобиль,Заклейка камеры,грузовой автомобиль,1,1,0,0,0,0,0,0,0
164,31,1,Колпачек для колеса,Расходные материалы/Колпачек для колеса,Расходные материалы,Колпачек для колеса,1,1,0,0,0,0,0,0,0
165,77,1,Шиномонтажные услуги,Шиномонтажные услуги,Шиномонтажные услуги,на сумму,1,1,0,0,0,0,0,0,0
166,79,1,за колесо,Ручная правка дисков/за колесо,Ручная правка дисков,за колесо,1,1,0,0,0,0,0,0,0
167,80,1,за колесо,Проверка балансировки,Проверка балансир.,за колесо,1,1,0,0,0,0,0,0,0
168,83,1,за колесо,Проверка на герметичность,Проверка на герметич,за колесо,1,1,0,0,0,0,0,0,0
177,405,1,Шайбы ВАЗ,NULL,NULL,NULL,1,1,0,0,0,0,0,0,0
178,405,1,Шайбы "Волга",NULL,NULL,NULL,1,1,0,0,0,0,0,0,0
179,405,1,Шайбы джип,NULL,NULL,NULL,1,1,0,0,0,0,0,0,0
180,404,1,Классика,NULL,NULL,NULL,1,1,0,0,0,0,0,0,0
181,404,1,Нива,NULL,NULL,NULL,1,1,0,0,0,0,0,0,0
182,404,1,ВАЗ-08, 09,NULL,NULL,NULL,1,1,0,0,0,0,0,0,0
183,404,1,Иномарка,NULL,NULL,NULL,1,1,0,0,0,0,0,0,0
184,380,1,NULL,NULL,NULL,NULL,0,0,0,0,0,0,0,0,0
185,380,1,NULL,NULL,NULL,NULL,0,0,0,0,0,0,0,0,0
186,380,1,NULL,NULL,NULL,NULL,0,0,0,0,0,0,0,0,0
187,380,1,NULL,NULL,NULL,NULL,0,0,0,0,0,0,0,0,0
188,380,1,NULL,NULL,NULL,NULL,0,0,0,0,0,0,0,0,0
189,380,1,NULL,NULL,NULL,NULL,0,0,0,0,0,0,0,0,0
190,380,1,NULL,NULL,NULL,NULL,0,0,0,0,0,0,0,0,0
191,380,1,NULL,NULL,NULL,NULL,0,0,0,0,0,0,0,0,0
192,380,1,NULL,NULL,NULL,NULL,0,0,0,0,0,0,0,0,0
193,380,1,NULL,NULL,NULL,NULL,0,0,0,0,0,0,0,0,0
194,380,1,NULL,NULL,NULL,NULL,0,0,0,0,0,0,0,0,0
195,380,1,NULL,NULL,NULL,NULL,0,0,0,0,0,0,0,0,0
219,424,2,13 дюймов,Перебортовка / 13 дюймов,Перебортовка,13 дюймов,1,1,0,0,0,0,0,0,0
218,424,2,14 дюймов,Перебортовка / 14 дюймов,Перебортовка,14 дюймов,1,1,0,0,0,0,0,0,0
220,425,2,13 дюймов,Разбортовка / 13 дюймов,Разбортовка,null,1,1,0,0,0,0,0,0,0
221,425,2,14 дюймов,Разбортовка / 14 дюймов,Разбортовка,null,1,1,0,0,0,0,0,0,0
222,425,2,15 дюймов, "Нива",Разбортовка / 15 дюймов, "Нива",Разбортовка,null,1,1,0,0,0,0,0,0,0
211,424,2,15 дюймов,Перебортовка / 15 дюймов,Перебортовка,15 дюймов,1,1,0,0,0,0,0,0,0
212,424,2,"Нива",Перебортовка / "Нива",Перебортовка,"Нива",1,1,0,0,0,0,0,0,0
213,424,2,УАЗ,Перебортовка / УАЗ,Перебортовка,УАЗ,1,1,0,0,0,0,0,0,0
214,424,2,"Газель",Перебортовка / "Газель",Перебортовка,"Газель",1,1,0,0,0,0,0,0,0
215,424,2,Джип,Перебортовка / Джип,Перебортовка,Джип,1,1,0,0,0,0,0,0,0
216,424,2,Джип, 17 дюймов,Перебортовка / Джип, 17 дюймов,Перебортовка,Джип, 17 дюймов,1,1,0,0,0,0,0,0,0
1059,435,2,"Нива",Балансировка / "Нива",Балансировка,"Нива",1,1,0,0,0,0,0,0,0
1060,435,2,18-19 дюймов,Балансировка / 18-19 дюймов,Балансировка,18-19 дюйма,1,1,0,0,0,0,0,0,0
223,425,2,16 дюймов,Разбортовка / 16 дюймов,Разбортовка,,1,1,0,0,0,0,0,0,0
224,425,2,17 дюймов,Разбортовка / 17 дюймов,Разбортовка,17 дюймов,1,1,0,0,0,0,0,0,0
225,425,2,18 дюймов,Разбортовка / 18 дюймов,Разбортовка,null,1,1,0,0,0,0,0,0,0
229,426,2,13 дюймов,Забортовка / 13 дюймов,Забортовка,null,1,1,0,0,0,0,0,0,0
228,426,2,14 дюймов,Забортовка / 14 дюймов,Забортовка,null,1,1,0,0,0,0,0,0,0
227,426,2,15 дюймов, "Нива",Забортовка / 15 дюймов, "Нива",Забортовка,null,1,1,0,0,0,0,0,0,0
230,426,2,16 дюймов, микроавтобус,Забортовка / 16 дюймов, микроавтобус,Забортовка,null,1,1,0,0,0,0,0,0,0
231,426,2,17 дюймов,Забортовка / 17 дюймов,Забортовка,null,1,1,0,0,0,0,0,0,0
232,426,2,18 дюймов,Забортовка / 18 дюймов,Забортовка,null,1,1,0,0,0,0,0,0,0
284,435,2,13 дюймов,Балансировка / 13 дюймов,Балансировка,13 дюймов,1,1,0,0,0,0,0,0,0
285,435,2,14 дюймов,Балансировка / 14 дюймов,Балансировка,14 дюймов,1,1,0,0,0,0,0,0,0
286,435,2,15 дюймов, ,Балансировка / 15 дюймов, ,Балансировка,15 дюймов,1,1,0,0,0,0,0,0,0
425,424,2,Грузовое,Перебортовка / Грузовое,Перебортовка,Грузовое,1,1,0,0,0,0,0,0,0
289,435,2,"Газель",Балансировка / "Газель",Балансировка,Микроавтобус,"Газель,1,1,0,0,0,0,0,0,0
290,435,2,Джип,Балансировка / Джип,Балансировка,Джип,1,1,0,0,0,0,0,0,0
291,435,2,17 дюймов,Балансировка / 17 дюймов,Балансировка,17 дюймов,1,1,0,0,0,0,0,0,0
241,427,2,13 дюймов,null,Ремонт колёс с одним,null,1,1,0,0,0,0,0,0,0
242,427,2,14 дюймов,null,Ремонт колёс с одним,null,1,1,0,0,0,0,0,0,0
243,427,2,15 дюймов, "Нива",null,Ремонт колёс с одним,null,1,1,0,0,0,0,0,0,0
244,427,2,16 дюймов,null,Ремонт колёс с одним,null,1,1,0,0,0,0,0,0,0
245,427,2,"Газель", УАЗ, "Соболь",null,Ремонт колёс с одним,null,1,1,0,0,0,0,0,0,0
246,427,2,Грузовое с кольцом,null,Ремонт колёс с одним,null,1,1,0,0,0,0,0,0,0
247,428,1,NULL,NULL,NULL,NULL,0,0,0,0,0,0,0,0,0
248,429,2,13 дюймов,Ремонт б/к покрышки по протектору / 13 дюймов,Ремонт б/к покрышки ,13 дюймов,1,1,0,0,0,0,0,0,0
249,429,2,14 дюймов,Ремонт б/к покрышки по протектору / 14 дюймов,Ремонт б/к покрышки ,14 дюймов,1,1,0,0,0,0,0,0,0
250,429,2,15 дюймов,Ремонт б/к покрышки по протектору / 15 дюймов,Ремонт б/к покрышки ,15 дюймов,1,1,0,0,0,0,0,0,0
251,429,2,15 дюймов, джип,Ремонт б/к покрышки по протектору / 15 дюймов, джип,Ремонт б/к покрышки ,15 дюймов, джип,1,1,0,0,0,0,0,0,0
252,429,2,16 дюймов,Ремонт б/к покрышки по протектору / 16 дюймов,Ремонт б/к покрышки ,16 дюймов, джип,1,1,0,0,0,0,0,0,0
253,429,2,16 дюймов, джип, микроавтобус,Ремонт б/к покрышки по протектору / Микроавтобус,Ремонт б/к покрышки ,Микроавтобус,1,1,0,0,0,0,0,0,0
254,429,2,17 дюймов,Ремонт б/к покрышки по протектору / 17 дюймов,Ремонт б/к покрышки ,17 дюймов,1,1,0,0,0,0,0,0,0
255,429,2,18 дюймов,Ремонт б/к покрышки по протектору / 18 дюймов,Ремонт б/к покрышки ,18 дюймов,1,1,0,0,0,0,0,0,0
256,429,2,19 дюймов, грузовые,Ремонт б/к покрышки по протектору / 19 дюймов, грузовые,Ремонт б/к покрышки ,19 дюймов,1,1,0,0,0,0,0,0,0
257,429,2,20 дюймов,Ремонт б/к покрышки по протектору / 20 дюймов,Ремонт б/к покрышки ,20 дюймов,1,1,0,0,0,0,0,0,0
258,429,2,21 дюйм,Ремонт б/к покрышки по протектору / 21 дюйм,Ремонт б/к покрышки ,21 дюйм,1,1,0,0,0,0,0,0,0
259,429,2,22 дюйма, Hummer,Ремонт б/к покрышки по протектору / 22 дюйма, Hummer,Ремонт б/к покрышки ,22 дюйма, Hummer,1,1,0,0,0,0,0,0,0
260,430,2,15 дюймов,Низкопроф. ремонт б/к покрышки по протектору / 15 дюймов,Низкопроф. ремонт б/,15 дюймов,1,1,0,0,0,0,0,0,0
261,430,2,16 дюймов,Низкопроф. ремонт б/к покрышки по протектору / 16 дюймов,Низкопроф. ремонт б/,16 дюймов,1,1,0,0,0,0,0,0,0
262,430,2,17 дюймов,Низкопроф. ремонт б/к покрышки по протектору / 17 дюймов,Низкопроф. ремонт б/,17 дюймов,1,1,0,0,0,0,0,0,0
263,431,2,13 дюймов,Автоматическая правка дисков / 13 дюймов,Автоматическая правк,null,1,1,0,0,0,0,0,0,0
264,431,2,14 дюймов,Автоматическая правка дисков / 14 дюймов,Автоматическая правк,null,1,1,0,0,0,0,0,0,0
265,431,2,15 дюймов, "Нива",Автоматическая правка дисков / 15 дюймов, "Нива",Автоматическая правк,15 дюймов, "Нива",1,1,0,0,0,0,0,0,0
266,431,2,16 дюймов,Автоматическая правка дисков / 16 дюймов,Автоматическая правк,null,1,1,0,0,0,0,0,0,0
267,431,2,М/автобус, "Газель", "Соболь",Автоматическая правка дисков / М/автобус, "Газель", "Соболь",Автоматическая правк,null,1,1,0,0,0,0,0,0,0
268,432,2,13 дюймов,Ремонт штампованных дисков /  дюймов,Ремонт штампованных , дюймов,1,1,0,0,0,0,0,0,0
269,433,2,13 дюймов,null,Пескоструйная обрабо,null,1,1,0,0,0,0,0,0,0
270,433,2,14 дюймов,Пескоструйная обработка литых дисков / null,Пескоструйная обрабо,null,1,1,0,0,0,0,0,0,0
271,433,2,15 дюймов,Пескоструйная обработка литых дисков / null,Пескоструйная обрабо,null,1,1,0,0,0,0,0,0,0
272,433,2,16 дюймов,Пескоструйная обработка литых дисков / null,Пескоструйная обрабо,null,1,1,0,0,0,0,0,0,0
273,433,2,17 дюймов,Пескоструйная обработка литых дисков / null,Пескоструйная обрабо,null,1,1,0,0,0,0,0,0,0
274,433,2,18 дюймов,Пескоструйная обработка литых дисков / null,Пескоструйная обрабо,null,1,1,0,0,0,0,0,0,0
338,443,2,13 дюймов,null,Покраска литых диско,null,1,1,0,0,0,0,0,0,0
339,443,2,14 дюймов,Покраска литых дисков / null,Покраска литых диско,null,1,1,0,0,0,0,0,0,0
340,443,2,15 дюймов,Покраска литых дисков / null,Покраска литых диско,null,1,1,0,0,0,0,0,0,0
341,443,2,16 дюймов,Покраска литых дисков / null,Покраска литых диско,null,1,1,0,0,0,0,0,0,0
342,443,2,17 дюймов и более,Покраска литых дисков / null,Покраска литых диско,null,1,1,0,0,0,0,0,0,0
281,434,2,Гайка/болт,Протяжка динамометрическим ключём / Гайка/болт,Протяжка динамометри,null,1,1,0,0,0,0,0,0,0
282,416,1,Вентиль,null,Расходные материалы,null,1,1,0,0,0,0,0,0,0
283,416,1,Пакет,Расходные материалы / null,Расходные материалы,null,1,1,0,0,0,0,0,0,0
293,436,1,Грузик стандартный,Грузики / Грузик стандартный,Грузик,Стандартный,1,1,0,0,0,0,0,0,0
294,436,1,Грузик литой,Грузики / Грузик литой,Грузик,Литой,1,1,0,0,0,0,0,0,0
296,432,2,14 дюймов,Ремонт штампованных дисков /  дюймов,Ремонт штампованных , дюймов,1,1,0,0,0,0,0,0,0
297,432,2,15 дюймов,Пескоструйная обработка штампованных дисков / 15 дюймов,Ремонт штампованных ,null,1,1,0,0,0,0,0,0,0
298,432,2,16 дюймов,Ремонт штампованных дисков / null,Ремонт штампованных ,null,1,1,0,0,0,0,0,0,0
299,432,2,16 дюймов, груз.,Ремонт штампованных дисков / null,Ремонт штампованных ,null,1,1,0,0,0,0,0,0,0
300,432,2,17,5 дюймов, груз.,Ремонт штампованных дисков / null,Ремонт штампованных ,null,1,1,0,0,0,0,0,0,0
418,435,2,Низкопрофильная балансировка,Балансировка / Низкопрофильная балансировка,Балансировка,Низкопрофильная бала,1,1,0,0,0,0,0,0,0
302,436,1,Грузик-липучка (60 г.),Грузики / Грузик-липучка (60 г.),Грузик,Липучка (60 г.),1,1,0,0,0,0,0,0,0
306,437,2,15 дюймов,Низкопрофильная балансировка / 15 дюймов,Низкопрофильная бала,15 дюймов,1,1,0,0,0,0,0,0,0
307,437,2,16 дюймов,Низкопрофильная балансировка / 16 дюймов,Низкопрофильная бала,16 дюймов,1,1,0,0,0,0,0,0,0
308,437,2,17 дюймов,Низкопрофильная балансировка / 17 дюймов,Низкопрофильная бала,17 дюймов,1,1,0,0,0,0,0,0,0
309,437,2,18 дюймов,Низкопрофильная балансировка / 18 дюймов,Низкопрофильная бала,18 дюймов,1,1,0,0,0,0,0,0,0
310,437,2,19 дюймов,Низкопрофильная балансировка / 19 дюймов,Низкопрофильная бала,19 дюймов,1,1,0,0,0,0,0,0,0
311,437,2,20 дюймов,Низкопрофильная балансировка / 20 дюймов,Низкопрофильная бала,20 дюймов,1,1,0,0,0,0,0,0,0
312,437,2,21 дюйм,Низкопрофильная балансировка / 21 дюйм,Низкопрофильная бала,21 дюйм,1,1,0,0,0,0,0,0,0
313,437,2,22 дюйма, Hummer,Низкопрофильная балансировка / 22 дюйма, Hummer,Низкопрофильная бала,22 дюйма, Hummer,1,1,0,0,0,0,0,0,0
314,438,2,15 дюймов,Низкопрофильная перебортовка / 15 дюймов,Низкопрофильная пере,null,1,1,0,0,0,0,0,0,0
315,438,2,16 дюймов,Низкопрофильная перебортовка / 16 дюймов,Низкопрофильная пере,null,1,1,0,0,0,0,0,0,0
316,438,2,17 дюймов,Низкопрофильная перебортовка / 17 дюймов,Низкопрофильная пере,null,1,1,0,0,0,0,0,0,0
317,438,2,18 дюймов,Низкопрофильная перебортовка / 18 дюймов,Низкопрофильная пере,null,1,1,0,0,0,0,0,0,0
318,438,2,19 дюймов,Низкопрофильная перебортовка / 19 дюймов,Низкопрофильная пере,null,1,1,0,0,0,0,0,0,0
319,438,2,20 дюймов,Низкопрофильная перебортовка / 20 дюймов,Низкопрофильная пере,null,1,1,0,0,0,0,0,0,0
320,438,2,21 дюйм,Низкопрофильная перебортовка / 21 дюйм,Низкопрофильная пере,null,1,1,0,0,0,0,0,0,0
321,438,2,22 дюйма, Hummer,Низкопрофильная перебортовка / 22 дюйма, Hummer,Низкопрофильная пере,null,1,1,0,0,0,0,0,0,0
322,439,2,15 дюймов,Низкопрофильная разбортовка / 15 дюймов,Низкопрофильная разб,null,1,1,0,0,0,0,0,0,0
323,439,2,16 дюймов,Низкопрофильная разбортовка / 16 дюймов,Низкопрофильная разб,null,1,1,0,0,0,0,0,0,0
324,439,2,17 дюймов,Низкопрофильная разбортовка / 17 дюймов,Низкопрофильная разб,null,1,1,0,0,0,0,0,0,0
325,439,2,18 дюймов,Низкопрофильная разбортовка / 18 дюймов,Низкопрофильная разб,null,1,1,0,0,0,0,0,0,0
326,439,2,19 дюймов,Низкопрофильная разбортовка / 19 дюймов,Низкопрофильная разб,null,1,1,0,0,0,0,0,0,0
327,439,2,20 дюймов,Низкопрофильная разбортовка / 20 дюймов,Низкопрофильная разб,null,1,1,0,0,0,0,0,0,0
328,439,2,21 дюйм,Низкопрофильная разбортовка / 21 дюйм,Низкопрофильная разб,null,1,1,0,0,0,0,0,0,0
329,439,2,22 дюйма, Hummer,Низкопрофильная разбортовка / 22 дюйма, Hummer,Низкопрофильная разб,null,1,1,0,0,0,0,0,0,0
330,440,2,15 дюймов,Низкопрофильная забортовка / 15 дюймов,Низкопрофильная забо,null,1,1,0,0,0,0,0,0,0
331,440,2,16 дюймов,Низкопрофильная забортовка / 16 дюймов,Низкопрофильная забо,null,1,1,0,0,0,0,0,0,0
332,440,2,17 дюймов,Низкопрофильная забортовка / 17 дюймов,Низкопрофильная забо,null,1,1,0,0,0,0,0,0,0
333,440,2,18 дюймов,Низкопрофильная забортовка / 18 дюймов,Низкопрофильная забо,null,1,1,0,0,0,0,0,0,0
334,440,2,19 дюймов,Низкопрофильная забортовка / 19 дюймов,Низкопрофильная забо,null,1,1,0,0,0,0,0,0,0
335,440,2,20 дюймов,Низкопрофильная забортовка / 20 дюймов,Низкопрофильная забо,null,1,1,0,0,0,0,0,0,0
336,440,2,21 дюйм,Низкопрофильная забортовка / 21 дюйм,Низкопрофильная забо,null,1,1,0,0,0,0,0,0,0
337,440,2,22 дюйма, Hummer,Низкопрофильная забортовка / 22 дюйма,Низкопрофильная забо,null,1,1,0,0,0,0,0,0,0
343,441,2,13 дюймов,null,Покраска штампованны,null,1,1,0,0,0,0,0,0,0
344,441,2,14 дюймов,Покраска штампованных дисков / null,Покраска штампованны,null,1,1,0,0,0,0,0,0,0
345,441,2,15 дюймов,Покраска штампованных дисков / null,Покраска штампованны,null,1,1,0,0,0,0,0,0,0
346,441,2,16 дюймов,Покраска штампованных дисков / null,Покраска штампованны,null,1,1,0,0,0,0,0,0,0
347,441,2,"Газель", "Соболь",Покраска штампованных дисков / null,Покраска штампованны,null,1,1,0,0,0,0,0,0,0
348,442,2,13 дюймов,null,Покраска штампованны,null,1,1,0,0,0,0,0,0,0
349,442,2,14 дюймов,Покраска штампованных дисков хромом / null,Покраска штампованны,null,1,1,0,0,0,0,0,0,0
350,442,2,15 дюймов,Покраска штампованных дисков хромом / null,Покраска штампованны,null,1,1,0,0,0,0,0,0,0
351,442,2,16 дюймов,Покраска штампованных дисков хромом / null,Покраска штампованны,null,1,1,0,0,0,0,0,0,0
352,444,2,Легковые,Подкачка колёс / Легковые,Подкачка колёс,null,1,1,0,0,0,0,0,0,0
353,444,2,Со снятием колпака,Подкачка колёс / Со снятием колпака,Подкачка колёс,null,1,1,0,0,0,0,0,0,0
354,444,2,"Газель", грузовые,Подкачка колёс / "Газель", грузовые,Подкачка колёс,null,1,1,0,0,0,0,0,0,0
357,449,2,140 шипов,null,Шиповка с подготовко,null,1,1,0,0,0,0,0,0,0
356,448,2,140 шипов,null,Шиповка ручная,null,1,1,0,0,0,0,0,0,0
358,451,2,Съём колеса, "Газель",Съём перднего/заднего наружного колеса, "Газель" / Съём колеса, "Газель",Съём перднего/заднег,null,1,1,0,0,0,0,0,0,0
370,462,2,Съём заднего внутреннего колеса, "Газель",Съём заднего внутреннего колеса, "Газель" / Съём заднего внутреннего колеса, "Газель",Съём заднего внутрен,null,1,1,0,0,0,0,0,0,0
360,445,2,Мойка колеса,Мойка колеса / Мойка колеса,Мойка колеса,null,1,1,0,0,0,0,0,0,0
361,460,2,12-22 дюйма,Чистка дисков / 12-22 дюйма,Чистка дисков,null,1,1,0,0,0,0,0,0,0
362,457,2,Утилизация покрышки,Утилизация покрышек / Утилизация покрышки,Утилизация покрышек,Утилизация покрышки,1,1,0,0,0,0,0,0,0
409,485,2,Сверловка отверстия,Ошиповка / Сверловка отверстия,Ошиповка,Сверловка отверстия,1,1,0,0,0,0,0,0,0
410,485,2,Установка шипа,Ошиповка / Установка шипа,Ошиповка,Установка шипа,1,1,0,0,0,0,0,0,0
411,485,2,Шип,Ошиповка / Шип,Ошиповка,Шип,1,1,0,0,0,0,0,0,0
364,459,2,140 шипов,Шиповка с подготовкой отверстий / 140 шипов,Шиповка с подготовко,null,1,1,0,0,0,0,0,0,0
365,450,2,13 дюймов,Монтаж колеса / 13 дюймов,Монтаж колеса,13 дюймов,1,1,0,0,0,0,0,0,0
366,450,2,14 дюймов,Монтаж колеса / 14 дюймов,Монтаж колеса,14 дюймов,1,1,0,0,0,0,0,0,0
367,450,2,15 дюймов,Монтаж колеса / 15 дюймов,Монтаж колеса,15 дюймов,1,1,0,0,0,0,0,0,0
368,450,2,"Нива",Монтаж колеса / "Нива",Монтаж колеса,"Нива",1,1,0,0,0,0,0,0,0
369,450,2,УАЗ,Монтаж колеса / УАЗ,Монтаж колеса,УАЗ,1,1,0,0,0,0,0,0,0
371,463,2,Съём заднего наружного колеса с футеркой,Съём заднего наружного колеса с футеркой / Съём заднего наружного колеса с футеркой,Съём заднего наружно,null,1,1,0,0,0,0,0,0,0
372,464,2,Съём заднего внутреннего колеса с футеркой,Съём заднего внутреннего колеса с футеркой / Съём заднего внутреннего колеса с футеркой,Съём заднего внутрен,null,1,1,0,0,0,0,0,0,0
373,461,2,13-20 дюймов,Правка и вытяжка легкосплавных дисков / 13-20 дюймов,Правка и вытяжка лег,null,1,1,0,0,0,0,0,0,0
374,454,2,13 дюймов,Ремонт колеса с одним проколом / 13 дюймов,Ремонт колеса с одни,13 дюймов,1,1,0,0,0,0,0,0,0
375,454,2,14 дюймов,Ремонт колеса с одним проколом / 14 дюймов,Ремонт колеса с одни,null,1,1,0,0,0,0,0,0,0
376,454,2,15 дюймов, "Нива",Ремонт колеса с одним проколом / 15 дюймов, "Нива",Ремонт колеса с одни,15 дюймов, "Нива",1,1,0,0,0,0,0,0,0
377,454,2,16 дюймов,Ремонт колеса с одним проколом / 16 дюймов,Ремонт колеса с одни,null,1,1,0,0,0,0,0,0,0
378,454,2,"Газель", УАЗ, "Соболь",Ремонт колеса с одним проколом / "Газель", УАЗ, "Соболь",Ремонт колеса с одни,null,1,1,0,0,0,0,0,0,0
379,454,2,Груз. с кольцом,Ремонт колеса с одним проколом / Груз. с кольцом,Ремонт колеса с одни,null,1,1,0,0,0,0,0,0,0
380,455,2,Сложный ремонт колеса с одним проколом,Сложный ремонт колеса с одним проколом / Сложный ремонт колеса с одним проколом,Сложный ремонт колес,null,1,1,0,0,0,0,0,0,0
381,456,2,Проверка камеры на герметичность,Проверка камеры на герметичность / Проверка на герметичность,Проверка камеры на г,null,1,1,0,0,0,0,0,0,0
383,465,2,Легковой,Заклейка камеры / Легковой,Легковой,null,1,1,0,0,0,0,0,0,0
384,466,2,Заклейка камеры грузового автомобиля,Заклейка камеры груз. автомобиля / Заклейка камеры грузового автомобиля,Заклейка камеры груз,null,1,1,0,0,0,0,0,0,0
385,467,2,Приварка легкового вентиля к камере,Приварка вентиля к камере / Приварка легкового вентиля к камере,Приварка легкового в,null,1,1,0,0,0,0,0,0,0
386,468,2,Приварка грузового вентиля к камере,Приварка грузового вентиля к камере / Приварка грузового вентиля к камере,Приварка грузового в,null,1,1,0,0,0,0,0,0,0
387,469,2,Проверка б/к колеса на герметичность,Проверка б/к колеса на герметичность / Проверка б/к колеса на герметичность,Проверка колеса на г,Проверка колеса на г,1,1,0,0,0,0,0,0,0
388,416,1,Колпачок,Колпачок,Расходные материалы,Колпачок,1,1,0,0,0,0,0,0,0
389,429,2,Дополнительный прокол,Ремонт б/к покрышки по протектору (1 прокол) / Дополнительный прокол,Ремонт б/к покрышки ,Дополнительный проко,1,1,0,0,0,0,0,0,0
390,430,2,Дополнительный прокол,Низкопроф. ремонт б/к покрышки по протектору / Дополнительный прокол,Низкопроф. ремонт б/,Дополнительный проко,1,1,0,0,0,0,0,0,0
391,454,2,Дополнительный прокол,Ремонт колеса с одним проколом / Дополнительный прокол,Ремонт колеса с одни,null,1,1,0,0,0,0,0,0,0
392,472,2,Проверка балансировки,Проверка балансировки / Проверка балансировки,Проверка балансировк,null,1,1,0,0,0,0,0,0,0
393,473,2,Сложный ремонт колеса,Сложный ремонт колеса / Сложный ремонт колеса,Сложный ремонт колес,Сложный ремонт колес,1,1,0,0,0,0,0,0,0
394,467,2,Приварка грузового вентиля,Приварка вентиля к камере / Приварка грузового вентиля,Приварка вентиля к к,null,1,1,0,0,0,0,0,0,0
395,465,2,Грузовой,Заклейка камеры / Грузовой,Грузовой,null,1,1,0,0,0,0,0,0,0
396,474,2,Шиномонтажные услуги,Шиномонтажные услуги / Шиномонтажные услуги,Шиномонтажные услуги,Шиномонтажные услуги,1,1,0,0,0,0,0,0,0
397,475,2,Мойка колеса,Мойка колеса / Мойка колеса,Мойка колеса,Мойка колеса,1,1,0,0,0,0,0,0,0
398,476,2,12-22 дюйма,Чистка дисков / 12-22 дюйма,Чистка дисков,12-22 дюйма,1,1,0,0,0,0,0,0,0
399,477,2,Легковые,Подкачка колеса / Легковое,Подкачка колеса,Легковое,1,1,0,0,0,0,0,0,0
421,424,2,"Бычок",Перебортовка / "Бычок",Перебортовка,"Бычок",1,1,0,0,0,0,0,0,0
401,477,2,"Газель", грузовые,Подкачка колеса / Грузовое,Подкачка колеса,Грузовое,1,1,0,0,0,0,0,0,0
422,424,2,С кольцом,Перебортовка / С кольцом,Перебортовка,С кольцом,1,1,0,0,0,0,0,0,0
403,437,2,Проверка балансировки,Низкопрофильная балансировка / Проверка балансировки,Низкопрофильная бала,Проверка балансировк,1,1,0,0,0,0,0,0,0
404,478,2,Легковое,Подкачка колёс / Легковое,Подкачка колёс,Легковое,1,1,0,0,0,0,0,0,0
405,478,2,Со снятием колпака,Подкачка колёс / Со снятием колпака,Подкачка колёс,Со снятием колпака,1,1,0,0,0,0,0,0,0
406,478,2,"Газель", грузовое,Подкачка колёс / "Газель", грузовое,Подкачка колёс,"Газель", грузовое,1,1,0,0,0,0,0,0,0
407,479,1,NULL,NULL,NULL,NULL,0,0,0,0,0,0,0,0,0
412,486,2,Правка диска,Ремонт литых дисков / Правка диска,Ремонт литых дисков,Правка диска,1,1,0,0,0,0,0,0,0
413,486,2,Сварочные работы (аргон),Ремонт литых дисков / Сварочные работы (аргон),Ремонт литых дисков,Сварочные работы (ар,1,1,0,0,0,0,0,0,0
414,487,2,13 дюймов,Ремонт штампованных дисков / 13 дюймов,Ремонт штампованных ,13 дюймов,1,1,0,0,0,0,0,0,0
415,487,2,14 дюймов,Ремонт штампованных дисков / 14 дюймов,Ремонт штампованных ,14 дюймов,1,1,0,0,0,0,0,0,0
416,487,2,15 дюймов,Ремонт штампованных дисков / 15 дюймов,Ремонт штампованных ,15 дюймов,1,1,0,0,0,0,0,0,0
417,487,2,Газель, УАЗ,Ремонт штампованных дисков / Газель, УАЗ,Ремонт штампованных ,Газель, УАЗ,1,1,0,0,0,0,0,0,0
434,450,2,"Газель",Монтаж колеса / "Газель",Монтаж колеса,"Газель",1,1,0,0,0,0,0,0,0
435,450,2,Джип,Монтаж колеса / Джип,Монтаж колеса,Джип,1,1,0,0,0,0,0,0,0
436,450,2,Джип, 17 дюймов,Монтаж колеса / Джип, 17 дюймов,Монтаж колеса,Джип, 17 дюймов,1,1,0,0,0,0,0,0,0
437,450,2,Низкопроф.,Монтаж колеса / Низкопроф.,Монтаж колеса,Низкопроф.,1,1,0,0,0,0,0,0,0
438,450,2,"Бычок",Монтаж колеса / "Бычок",Монтаж колеса,"Бычок",1,1,0,0,0,0,0,0,0
439,450,2,С кольцом,Монтаж колеса / С кольцом,Монтаж колеса,С кольцом,1,1,0,0,0,0,0,0,0
440,453,1,Ремонт камеры,7.  Ремонт камеры / Ремонт камеры,Ремонт камерной,Ремонт камеры,1,1,0,0,0,0,0,0,0
442,207,1,Ремонт б/к,Ремонт б/к / Ремонт б/к,Ремонт б/к,Ремонт б/к,1,1,0,0,0,0,0,0,0
446,169,2,Регулировка фар,Автоэлектрика / Регулировка фар,Автоэлектрика,Регулировка фар,1,1,0,0,0,0,0,0,0
445,169,2,С/у стартера, генератора,Автоэлектрика / С/у стартера, генератора,Автоэлектрика,С/у стартера, генера,1,1,0,0,0,0,0,0,0
444,169,2,Переборка стартера, генератора,Автоэлектрика / Переборка стартера, генератора,Автоэлектрика,Переборка стартера, ,1,1,0,0,0,0,0,0,0
447,169,2,Переборка трамблёра,Автоэлектрика / Переборка трамблёра,Автоэлектрика,Переборка трамблёра,1,1,0,0,0,0,0,0,0
448,169,2,Установка зажигания,Автоэлектрика / Установка зажигания,Автоэлектрика,Установка зажигания,1,1,0,0,0,0,0,0,0
449,169,2,Ремонт электропроводки,Автоэлектрика / Ремонт электропроводки,Автоэлектрика,Ремонт электропровод,1,1,0,0,0,0,0,0,0
450,234,2,Классика,Капитальный ремонт двигателя / Классика,Капитальный ремонт д,Классика,1,1,0,0,0,0,0,0,0
451,234,2,"Нива",Капитальный ремонт двигателя / "Нива",Капитальный ремонт д,"Нива",1,1,0,0,0,0,0,0,0
452,234,2,ВАЗ,Капитальный ремонт двигателя / ВАЗ,Капитальный ремонт д,ВАЗ,1,1,0,0,0,0,0,0,0
454,235,2,Классика,Съём-установка подушки ДВС / Классика,Съём-установка подуш,Классика,1,1,0,0,0,0,0,0,0
455,235,2,"Нива",Съём-установка подушки ДВС / "Нива",Съём-установка подуш,"Нива",1,1,0,0,0,0,0,0,0
456,235,2,ВАЗ,Съём-установка подушки ДВС / ВАЗ,Съём-установка подуш,ВАЗ,1,1,0,0,0,0,0,0,0
457,235,2,Иномарка,Съём-установка подушки ДВС / Иномарка,Съём-установка подуш,Иномарка,1,1,0,0,0,0,0,0,0
458,236,2,Классика,Съём-установка головки цилиндра / Классика,Съём-установка голов,Классика,1,1,0,0,0,0,0,0,0
459,236,2,"Нива",Съём-установка головки цилиндра / "Нива",Съём-установка голов,"Нива",1,1,0,0,0,0,0,0,0
460,236,2,ВАЗ,Съём-установка головки цилиндра / ВАЗ,Съём-установка голов,ВАЗ,1,1,0,0,0,0,0,0,0
461,295,2,Класска,Ремонт головки цилиндров (полный) / Класска,Ремонт головки цилин,Класска,1,1,0,0,0,0,0,0,0
462,295,2,"Нива",Ремонт головки цилиндров (полный) / "Нива",Ремонт головки цилин,"Нива",1,1,0,0,0,0,0,0,0
463,295,2,ВАЗ,Ремонт головки цилиндров (полный) / ВАЗ,Ремонт головки цилин,ВАЗ,1,1,0,0,0,0,0,0,0
464,296,2,Классика,Замена поршневых колец / Классика,Замена поршневых кол,Классика,1,1,0,0,0,0,0,0,0
465,296,2,"Нива",Замена поршневых колец / "Нива",Замена поршневых кол,"Нива",1,1,0,0,0,0,0,0,0
466,296,2,ВАЗ,Замена поршневых колец / ВАЗ,Замена поршневых кол,ВАЗ,1,1,0,0,0,0,0,0,0
467,297,2,Классика,Замена звёздочек ГРМ / Классика,Замена звёздочек ГРМ,Классика,1,1,0,0,0,0,0,0,0
468,297,2,"Нива",Замена звёздочек ГРМ / "Нива",Замена звёздочек ГРМ,"Нива",1,1,0,0,0,0,0,0,0
469,297,2,ВАЗ,Замена звёздочек ГРМ / ВАЗ,Замена звёздочек ГРМ,ВАЗ,1,1,0,0,0,0,0,0,0
470,298,2,Классика,Замена лобового сальника коленвала (не сним. кр.) / Классика,Замена лобового саль,Классика,1,1,0,0,0,0,0,0,0
471,298,2,"Нива",Замена лобового сальника коленвала (не сним. кр.) / "Нива",Замена лобового саль,"Нива",1,1,0,0,0,0,0,0,0
472,298,2,ВАЗ,Замена лобового сальника коленвала (не сним. кр.) / ВАЗ,Замена лобового саль,ВАЗ,1,1,0,0,0,0,0,0,0
473,298,2,Иномарка,Замена лобового сальника коленвала (не сним. кр.) / Иномарка,Замена лобового саль,Иномарка,1,1,0,0,0,0,0,0,0
474,299,2,Классика,Замена гайки храповика / Классика,Замена гайки храпови,Классика,1,1,0,0,0,0,0,0,0
475,299,2,"Нива",Замена гайки храповика / "Нива",Замена гайки храпови,"Нива",1,1,0,0,0,0,0,0,0
476,299,2,Иномарка,Замена гайки храповика / Иномарка,Замена гайки храпови,Иномарка,1,1,0,0,0,0,0,0,0
477,300,2,Классика,Съём-установка шкифа коленвала / Классика,Съём-установка шкифа,Классика,1,1,0,0,0,0,0,0,0
478,300,2,"Нива",Съём-установка шкифа коленвала / "Нива",Съём-установка шкифа,"Нива",1,1,0,0,0,0,0,0,0
479,300,2,ВАЗ,Съём-установка шкифа коленвала / ВАЗ,Съём-установка шкифа,ВАЗ,1,1,0,0,0,0,0,0,0
480,300,2,Иномарка,Съём-установка шкифа коленвала / Иномарка,Съём-установка шкифа,Иномарка,1,1,0,0,0,0,0,0,0
481,301,2,Классика,Замена коренного сальника коленвала / Классика,Замена коренного сал,Классика,1,1,0,0,0,0,0,0,0
482,301,2,"Нива",Замена коренного сальника коленвала / "Нива",Замена коренного сал,"Нива",1,1,0,0,0,0,0,0,0
483,301,2,ВАЗ,Замена коренного сальника коленвала / ВАЗ,Замена коренного сал,ВАЗ,1,1,0,0,0,0,0,0,0
484,303,2,Классика,Съём-установка распредвала / Классика,Съём-установка распр,Классика,1,1,0,0,0,0,0,0,0
485,303,2,"Нива",Съём-установка распредвала / "Нива",Съём-установка распр,"Нива",1,1,0,0,0,0,0,0,0
486,303,2,ВАЗ,Съём-установка распредвала / ВАЗ,Съём-установка распр,ВАЗ,1,1,0,0,0,0,0,0,0
487,304,2,ВАЗ,Замена ремня ГРМ / ВАЗ,Замена ремня ГРМ,ВАЗ,1,1,0,0,0,0,0,0,0
488,304,2,Иномарка,Замена ремня ГРМ / Иномарка,Замена ремня ГРМ,Иномарка,1,1,0,0,0,0,0,0,0
489,305,2,Классика,Съём-установка натяжителя цепи / Классика,Съём-установка натяж,Классика,1,1,0,0,0,0,0,0,0
490,305,2,"Нива",Съём-установка натяжителя цепи / "Нива",Съём-установка натяж,"Нива",1,1,0,0,0,0,0,0,0
491,305,2,ВАЗ,Съём-установка натяжителя цепи / ВАЗ,Съём-установка натяж,ВАЗ,1,1,0,0,0,0,0,0,0
492,305,2,Иномарка,Съём-установка натяжителя цепи / Иномарка,Съём-установка натяж,Иномарка,1,1,0,0,0,0,0,0,0
493,306,2,ВАЗ,Съём-установка натяжного подшипника ремня ГРМ / ВАЗ,Съём-установка натяж,ВАЗ,1,1,0,0,0,0,0,0,0
494,306,2,Иномарка,Съём-установка натяжного подшипника ремня ГРМ / Иномарка,Съём-установка натяж,Иномарка,1,1,0,0,0,0,0,0,0
495,408,2,Классика,Протяжка передней, задней подвески / Классика,Протяжка передней, з,Классика,1,1,0,0,0,0,0,0,0
496,408,2,"Нива",Протяжка передней, задней подвески / "Нива",Протяжка передней, з,"Нива",1,1,0,0,0,0,0,0,0
497,408,2,ВАЗ,Протяжка передней, задней подвески / ВАЗ,Протяжка передней, з,ВАЗ,1,1,0,0,0,0,0,0,0
498,408,2,Иномарка,Протяжка передней, задней подвески / Иномарка,Протяжка передней, з,Иномарка,1,1,0,0,0,0,0,0,0
499,307,2,Классика,Замена башмака натяжителя цепи / Классика,Замена башмака натяж,Классика,1,1,0,0,0,0,0,0,0
500,307,2,"Нива",Замена башмака натяжителя цепи / "Нива",Замена башмака натяж,"Нива",1,1,0,0,0,0,0,0,0
501,307,2,Иномарка,Замена башмака натяжителя цепи / Иномарка,Замена башмака натяж,Иномарка,1,1,0,0,0,0,0,0,0
502,308,2,Классика,Замена успокоителя цепи / Классика,Замена успокоителя ц,Классика,1,1,0,0,0,0,0,0,0
503,308,2,"Нива",Замена успокоителя цепи / "Нива",Замена успокоителя ц,"Нива",1,1,0,0,0,0,0,0,0
504,308,2,Иномарка,Замена успокоителя цепи / Иномарка,Замена успокоителя ц,Иномарка,1,1,0,0,0,0,0,0,0
505,309,2,Классика,Замена сальников клапанов / Классика,Замена сальников кла,Классика,1,1,0,0,0,0,0,0,0
506,309,2,"Нива",Замена сальников клапанов / "Нива",Замена сальников кла,"Нива",1,1,0,0,0,0,0,0,0
507,309,2,ВАЗ,Замена сальников клапанов / ВАЗ,Замена сальников кла,ВАЗ,1,1,0,0,0,0,0,0,0
508,283,2,Классика,Съём-установка бензонасоса / Классика,Съём-установка бензо,Классика,1,1,0,0,0,0,0,0,0
509,283,2,"Нива",Съём-установка бензонасоса / "Нива",Съём-установка бензо,"Нива",1,1,0,0,0,0,0,0,0
510,283,2,ВАЗ,Съём-установка бензонасоса / ВАЗ,Съём-установка бензо,ВАЗ,1,1,0,0,0,0,0,0,0
511,283,2,Иномарка,Съём-установка бензонасоса / Иномарка,Съём-установка бензо,Иномарка,1,1,0,0,0,0,0,0,0
512,284,2,Классика,Съём-установка фильтра тонкой очистки / Классика,Съём-установка фильт,Классика,1,1,0,0,0,0,0,0,0
513,284,2,"Нива",Съём-установка фильтра тонкой очистки / "Нива",Съём-установка фильт,"Нива",1,1,0,0,0,0,0,0,0
514,284,2,ВАЗ,Съём-установка фильтра тонкой очистки / ВАЗ,Съём-установка фильт,ВАЗ,1,1,0,0,0,0,0,0,0
515,284,2,Иномарка,Съём-установка фильтра тонкой очистки / Иномарка,Съём-установка фильт,Иномарка,1,1,0,0,0,0,0,0,0
516,285,2,Классика,Съём-установка приёмной трубы (штанов) / Классика,Съём-установка приём,Классика,1,1,0,0,0,0,0,0,0
517,285,2,"Нива",Съём-установка приёмной трубы (штанов) / "Нива",Съём-установка приём,"Нива",1,1,0,0,0,0,0,0,0
518,285,2,ВАЗ,Съём-установка приёмной трубы (штанов) / ВАЗ,Съём-установка приём,ВАЗ,1,1,0,0,0,0,0,0,0
519,285,2,Иномарка,Съём-установка приёмной трубы (штанов) / Иномарка,Съём-установка приём,Иномарка,1,1,0,0,0,0,0,0,0
520,286,2,Классика,Замена резонатора / Классика,Замена резонатора,Классика,1,1,0,0,0,0,0,0,0
521,286,2,"Нива",Замена резонатора / "Нива",Замена резонатора,"Нива",1,1,0,0,0,0,0,0,0
522,286,2,ВАЗ,Замена резонатора / ВАЗ,Замена резонатора,ВАЗ,1,1,0,0,0,0,0,0,0
523,286,2,Иномарка,Замена резонатора / Иномарка,Замена резонатора,Иномарка,1,1,0,0,0,0,0,0,0
524,287,2,Классика,Замена основного глушителя / Классика,Замена основного глу,Классика,1,1,0,0,0,0,0,0,0
525,287,2,"Нива",Замена основного глушителя / "Нива",Замена основного глу,"Нива",1,1,0,0,0,0,0,0,0
526,287,2,ВАЗ,Замена основного глушителя / ВАЗ,Замена основного глу,ВАЗ,1,1,0,0,0,0,0,0,0
527,287,2,Иномарка,Замена основного глушителя / Иномарка,Замена основного глу,Иномарка,1,1,0,0,0,0,0,0,0
528,288,2,ВАЗ,Замена ремня / ВАЗ,Замена ремня,ВАЗ,1,1,0,0,0,0,0,0,0
530,289,2,Классика,Съём-установка соединительного хомута / Классика,Съём-установка соеди,Классика,1,1,0,0,0,0,0,0,0
531,289,2,"Нива",Съём-установка соединительного хомута / "Нива",Съём-установка соеди,"Нива",1,1,0,0,0,0,0,0,0
532,289,2,ВАЗ,Съём-установка соединительного хомута / ВАЗ,Съём-установка соеди,ВАЗ,1,1,0,0,0,0,0,0,0
533,289,2,Иномарка,Съём-установка соединительного хомута / Иномарка,Съём-установка соеди,Иномарка,1,1,0,0,0,0,0,0,0
534,290,2,Классика,Замена прокладок коллектора / Классика,Замена прокладок кол,Классика,1,1,0,0,0,0,0,0,0
535,290,2,"Нива",Замена прокладок коллектора / "Нива",Замена прокладок кол,"Нива",1,1,0,0,0,0,0,0,0
536,290,2,ВАЗ,Замена прокладок коллектора / ВАЗ,Замена прокладок кол,ВАЗ,1,1,0,0,0,0,0,0,0
537,290,2,Иномарка,Замена прокладок коллектора / Иномарка,Замена прокладок кол,Иномарка,1,1,0,0,0,0,0,0,0
538,294,2,Классика,Замена тосола / Классика,Замена тосола,Классика,1,1,0,0,0,0,0,0,0
539,294,2,"Нива",Замена тосола / "Нива",Замена тосола,"Нива",1,1,0,0,0,0,0,0,0
540,294,2,ВАЗ,Замена тосола / ВАЗ,Замена тосола,ВАЗ,1,1,0,0,0,0,0,0,0
541,294,2,Иномарка,Замена тосола / Иномарка,Замена тосола,Иномарка,1,1,0,0,0,0,0,0,0
542,291,2,Классика,Замена крана отопителя / Классика,Замена крана отопите,Классика,1,1,0,0,0,0,0,0,0
543,291,2,"Нива",Замена крана отопителя / "Нива",Замена крана отопите,"Нива",1,1,0,0,0,0,0,0,0
544,291,2,ВАЗ,Замена крана отопителя / ВАЗ,Замена крана отопите,ВАЗ,1,1,0,0,0,0,0,0,0
545,291,2,Иномарка,Замена крана отопителя / Иномарка,Замена крана отопите,Иномарка,1,1,0,0,0,0,0,0,0
546,292,2,Классика,Съём-установка радиатора / Классика,Съём-установка радиа,Классика,1,1,0,0,0,0,0,0,0
547,292,2,"Нива",Съём-установка радиатора / "Нива",Съём-установка радиа,"Нива",1,1,0,0,0,0,0,0,0
548,292,2,ВАЗ,Съём-установка радиатора / ВАЗ,Съём-установка радиа,ВАЗ,1,1,0,0,0,0,0,0,0
549,292,2,Иномарка,Съём-установка радиатора / Иномарка,Съём-установка радиа,Иномарка,1,1,0,0,0,0,0,0,0
550,293,2,Классика,Съём-установка радиатора отопителя / Классика,Съём-установка радиа,Классика,1,1,0,0,0,0,0,0,0
551,293,2,"Нива",Съём-установка радиатора отопителя / "Нива",Съём-установка радиа,"Нива",1,1,0,0,0,0,0,0,0
552,293,2,ВАЗ,Съём-установка радиатора отопителя / ВАЗ,Съём-установка радиа,ВАЗ,1,1,0,0,0,0,0,0,0
553,293,2,Иномарка,Съём-установка радиатора отопителя / Иномарка,Съём-установка радиа,Иномарка,1,1,0,0,0,0,0,0,0
554,344,2,Классика,Замена верхнего патрубка радиатора / Классика,Замена верхнего патр,Классика,1,1,0,0,0,0,0,0,0
555,344,2,"Нива",Замена верхнего патрубка радиатора / "Нива",Замена верхнего патр,"Нива",1,1,0,0,0,0,0,0,0
556,344,2,ВАЗ,Замена верхнего патрубка радиатора / ВАЗ,Замена верхнего патр,ВАЗ,1,1,0,0,0,0,0,0,0
557,344,2,Иномарка,Замена верхнего патрубка радиатора / Иномарка,Замена верхнего патр,Иномарка,1,1,0,0,0,0,0,0,0
559,345,2,Классика,Замена нижнего патрубка радиатора / Классика,Замена нижнего патру,Классика,1,1,0,0,0,0,0,0,0
560,345,2,"Нива",Замена нижнего патрубка радиатора / "Нива",Замена нижнего патру,"Нива",1,1,0,0,0,0,0,0,0
561,345,2,ВАЗ,Замена нижнего патрубка радиатора / ВАЗ,Замена нижнего патру,ВАЗ,1,1,0,0,0,0,0,0,0
562,345,2,Иномарка,Замена нижнего патрубка радиатора / Иномарка,Замена нижнего патру,Иномарка,1,1,0,0,0,0,0,0,0
563,346,2,Классика,Замена термостата / Классика,Замена термостата,Классика,1,1,0,0,0,0,0,0,0
564,346,2,"Нива",Замена термостата / "Нива",Замена термостата,"Нива",1,1,0,0,0,0,0,0,0
565,346,2,ВАЗ,Замена термостата / ВАЗ,Замена термостата,ВАЗ,1,1,0,0,0,0,0,0,0
566,346,2,Иномарка,Замена термостата / Иномарка,Замена термостата,Иномарка,1,1,0,0,0,0,0,0,0
567,347,2,Классика,Съём-установка водяного насоса / Классика,Съём-установка водян,Классика,1,1,0,0,0,0,0,0,0
568,347,2,"Нива",Съём-установка водяного насоса / "Нива",Съём-установка водян,"Нива",1,1,0,0,0,0,0,0,0
569,347,2,ВАЗ,Съём-установка водяного насоса / ВАЗ,Съём-установка водян,ВАЗ,1,1,0,0,0,0,0,0,0
570,347,2,Иномарка,Съём-установка водяного насоса / Иномарка,Съём-установка водян,Иномарка,1,1,0,0,0,0,0,0,0
571,313,2,Классика,Съём-установка диска сцепления / Классика,Съём-установка диска,Классика,1,1,0,0,0,0,0,0,0
572,313,2,"Нива",Съём-установка диска сцепления / "Нива",Съём-установка диска,"Нива",1,1,0,0,0,0,0,0,0
573,313,2,ВАЗ,Съём-установка диска сцепления / ВАЗ,Съём-установка диска,ВАЗ,1,1,0,0,0,0,0,0,0
574,313,2,Иномарка,Съём-установка диска сцепления / Иномарка,Съём-установка диска,Иномарка,1,1,0,0,0,0,0,0,0
575,314,2,Классика,Съём-установка троса привода выкл. сцепления / Классика,Съём-установка троса,Классика,1,1,0,0,0,0,0,0,0
576,314,2,"Нива",Съём-установка троса привода выкл. сцепления / "Нива",Съём-установка троса,"Нива",1,1,0,0,0,0,0,0,0
577,314,2,ВАЗ,Съём-установка троса привода выкл. сцепления / ВАЗ,Съём-установка троса,ВАЗ,1,1,0,0,0,0,0,0,0
578,314,2,Иномарка,Съём-установка троса привода выкл. сцепления / Иномарка,Съём-установка троса,Иномарка,1,1,0,0,0,0,0,0,0
579,315,2,Классика,Съём-установка главного цилиндра сцепления / Классика,Съём-установка главн,Классика,1,1,0,0,0,0,0,0,0
580,315,2,"Нива",Съём-установка главного цилиндра сцепления / "Нива",Съём-установка главн,"Нива",1,1,0,0,0,0,0,0,0
581,315,2,ВАЗ,Съём-установка главного цилиндра сцепления / ВАЗ,Съём-установка главн,ВАЗ,1,1,0,0,0,0,0,0,0
582,315,2,Иномарка,Съём-установка главного цилиндра сцепления / Иномарка,Съём-установка главн,Иномарка,1,1,0,0,0,0,0,0,0
583,316,2,Классика,Съём-установка рабочего цилиндра сцепления / Классика,Съём-установка рабоч,Классика,1,1,0,0,0,0,0,0,0
584,316,2,"Нива",Съём-установка рабочего цилиндра сцепления / "Нива",Съём-установка рабоч,"Нива",1,1,0,0,0,0,0,0,0
585,316,2,ВАЗ,Съём-установка рабочего цилиндра сцепления / ВАЗ,Съём-установка рабоч,ВАЗ,1,1,0,0,0,0,0,0,0
588,317,2,Классика,Съём-установка КПП / Классика,Съём-установка КПП,Классика,1,1,0,0,0,0,0,0,0
589,317,2,"Нива",Съём-установка КПП / "Нива",Съём-установка КПП,"Нива",1,1,0,0,0,0,0,0,0
590,317,2,ВАЗ,Съём-установка КПП / ВАЗ,Съём-установка КПП,ВАЗ,1,1,0,0,0,0,0,0,0
591,317,2,Иномарка,Съём-установка КПП / Иномарка,Съём-установка КПП,Иномарка,1,1,0,0,0,0,0,0,0
592,318,2,Классика,Ремонт КПП полный / Классика,Ремонт КПП полный,Классика,1,1,0,0,0,0,0,0,0
593,318,2,"Нива",Ремонт КПП полный / "Нива",Ремонт КПП полный,"Нива",1,1,0,0,0,0,0,0,0
594,318,2,ВАЗ,Ремонт КПП полный / ВАЗ,Ремонт КПП полный,ВАЗ,1,1,0,0,0,0,0,0,0
595,319,2,Классика,Замена картера КПП на а/м / Классика,Замена картера КПП н,Классика,1,1,0,0,0,0,0,0,0
596,319,2,"Нива",Замена картера КПП на а/м / "Нива",Замена картера КПП н,"Нива",1,1,0,0,0,0,0,0,0
597,319,2,ВАЗ,Замена картера КПП на а/м / ВАЗ,Замена картера КПП н,ВАЗ,1,1,0,0,0,0,0,0,0
598,320,2,"Нива",Съём-установка раздаточной коробки / "Нива",Съём-установка разда,"Нива",1,1,0,0,0,0,0,0,0
600,321,2,"Нива",Ремонт раздаточной коробки / "Нива",Ремонт раздаточной к,"Нива",1,1,0,0,0,0,0,0,0
602,324,2,Классика,Съём-установка карданного вала / Классика,Съём-установка карда,Классика,1,1,0,0,0,0,0,0,0
603,324,2,"Нива",Съём-установка карданного вала / "Нива",Съём-установка карда,"Нива",1,1,0,0,0,0,0,0,0
604,324,2,ВАЗ,Съём-установка карданного вала / ВАЗ,Съём-установка карда,ВАЗ,1,1,0,0,0,0,0,0,0
605,324,2,Иномарка,Съём-установка карданного вала / Иномарка,Съём-установка карда,Иномарка,1,1,0,0,0,0,0,0,0
606,325,2,Классика,Замена крестовины на карданном вале (1 шт.) / Классика,Замена крестовины на,Классика,1,1,0,0,0,0,0,0,0
607,325,2,"Нива",Замена крестовины на карданном вале (1 шт.) / "Нива",Замена крестовины на,"Нива",1,1,0,0,0,0,0,0,0
608,325,2,Иномарка,Замена крестовины на карданном вале (1 шт.) / Иномарка,Замена крестовины на,Иномарка,1,1,0,0,0,0,0,0,0
609,326,2,Классика,Замена подшипника опоры карданного вала (при снятом вале) / Классика,Замена подшипника оп,Классика,1,1,0,0,0,0,0,0,0
610,326,2,"Нива",Замена подшипника опоры карданного вала (при снятом вале) / "Нива",Замена подшипника оп,"Нива",1,1,0,0,0,0,0,0,0
611,326,2,ВАЗ,Замена подшипника опоры карданного вала (при снятом вале) / ВАЗ,Замена подшипника оп,ВАЗ,1,1,0,0,0,0,0,0,0
612,326,2,Иномарка,Замена подшипника опоры карданного вала (при снятом вале) / Иномарка,Замена подшипника оп,Иномарка,1,1,0,0,0,0,0,0,0
613,327,2,Классика,Замена эластичной муфты (при снятом вале) / Классика,Замена эластичной му,Классика,1,1,0,0,0,0,0,0,0
614,327,2,"Нива",Замена эластичной муфты (при снятом вале) / "Нива",Замена эластичной му,"Нива",1,1,0,0,0,0,0,0,0
615,327,2,Иномарка,Замена эластичной муфты (при снятом вале) / Иномарка,Замена эластичной му,Иномарка,1,1,0,0,0,0,0,0,0
616,328,2,"Нива",Съём-установка привода / "Нива",Съём-установка приво,"Нива",1,1,0,0,0,0,0,0,0
617,328,2,ВАЗ,Съём-установка привода / ВАЗ,Съём-установка приво,ВАЗ,1,1,0,0,0,0,0,0,0
618,328,2,Иномарка,Съём-установка привода / Иномарка,Съём-установка приво,Иномарка,1,1,0,0,0,0,0,0,0
619,329,2,"Нива",Замена внутренней гранаты (пыльника) / "Нива",Замена внутренней гр,"Нива",1,1,0,0,0,0,0,0,0
620,329,2,ВАЗ,Замена внутренней гранаты (пыльника) / ВАЗ,Замена внутренней гр,ВАЗ,1,1,0,0,0,0,0,0,0
621,329,2,Иномарка,Замена внутренней гранаты (пыльника) / Иномарка,Замена внутренней гр,Иномарка,1,1,0,0,0,0,0,0,0
622,330,2,"Нива",Замена наружной гранаты (пыльника) / "Нива",Замена наружной гран,"Нива",1,1,0,0,0,0,0,0,0
623,330,2,ВАЗ,Замена наружной гранаты (пыльника) / ВАЗ,Замена наружной гран,ВАЗ,1,1,0,0,0,0,0,0,0
624,330,2,Иномарка,Замена наружной гранаты (пыльника) / Иномарка,Замена наружной гран,Иномарка,1,1,0,0,0,0,0,0,0
625,331,2,Классика,Съём-установка заднего моста в сборе / Классика,Съём-установка задне,Классика,1,1,0,0,0,0,0,0,0
626,331,2,"Нива",Съём-установка заднего моста в сборе / "Нива",Съём-установка задне,"Нива",1,1,0,0,0,0,0,0,0
627,331,2,Иномарка,Съём-установка заднего моста в сборе / Иномарка,Съём-установка задне,Иномарка,1,1,0,0,0,0,0,0,0
628,332,2,ВАЗ,Замена балки заднего моста / ВАЗ,Замена балки заднего,ВАЗ,1,1,0,0,0,0,0,0,0
629,332,2,Иномарка,Замена балки заднего моста / Иномарка,Замена балки заднего,Иномарка,1,1,0,0,0,0,0,0,0
630,333,2,Классика,Замена сальника полуоси / Классика,Замена сальника полу,Классика,1,1,0,0,0,0,0,0,0
631,333,2,"Нива",Замена сальника полуоси / "Нива",Замена сальника полу,"Нива",1,1,0,0,0,0,0,0,0
632,333,2,Иномарка,Замена сальника полуоси / Иномарка,Замена сальника полу,Иномарка,1,1,0,0,0,0,0,0,0
633,334,2,Классика,Съём-установка редуктора заднего моста / Классика,Съём-установка редук,Классика,1,1,0,0,0,0,0,0,0
634,334,2,"Нива",Съём-установка редуктора заднего моста / "Нива",Съём-установка редук,"Нива",1,1,0,0,0,0,0,0,0
635,334,2,Иномарка,Съём-установка редуктора заднего моста / Иномарка,Съём-установка редук,Иномарка,1,1,0,0,0,0,0,0,0
636,335,2,Классика,Замена сальника ведущей шестерни (редкуктора) / Классика,Замена сальника веду,Классика,1,1,0,0,0,0,0,0,0
637,335,2,"Нива",Замена сальника ведущей шестерни (редкуктора) / "Нива",Замена сальника веду,"Нива",1,1,0,0,0,0,0,0,0
638,335,2,ВАЗ,Замена сальника ведущей шестерни (редкуктора) / ВАЗ,Замена сальника веду,ВАЗ,1,1,0,0,0,0,0,0,0
639,335,2,Иномарка,Замена сальника ведущей шестерни (редкуктора) / Иномарка,Замена сальника веду,Иномарка,1,1,0,0,0,0,0,0,0
640,336,2,Классика,Съём-установка полуоси / Классика,Съём-установка полуо,Классика,1,1,0,0,0,0,0,0,0
641,336,2,"Нива",Съём-установка полуоси / "Нива",Съём-установка полуо,"Нива",1,1,0,0,0,0,0,0,0
642,336,2,Иномарка,Съём-установка полуоси / Иномарка,Съём-установка полуо,Иномарка,1,1,0,0,0,0,0,0,0
643,337,2,Классика,Замена подшипника задней полуоси / Классика,Замена подшипника за,Классика,1,1,0,0,0,0,0,0,0
644,337,2,"Нива",Замена подшипника задней полуоси / "Нива",Замена подшипника за,"Нива",1,1,0,0,0,0,0,0,0
645,337,2,Иномарка,Замена подшипника задней полуоси / Иномарка,Замена подшипника за,Иномарка,1,1,0,0,0,0,0,0,0
646,282,2,Классика,Установка защитного устройства картера двигателя / Классика,Установка защитного ,Классика,1,1,0,0,0,0,0,0,0
647,282,2,"Нива",Установка защитного устройства картера двигателя / "Нива",Установка защитного ,"Нива",1,1,0,0,0,0,0,0,0
648,282,2,ВАЗ,Установка защитного устройства картера двигателя / ВАЗ,Установка защитного ,ВАЗ,1,1,0,0,0,0,0,0,0
649,359,2,Классика,Съём-установка пружины передней подвески / Классика,Съём-установка пружи,Классика,1,1,0,0,0,0,0,0,0
650,359,2,"Нива",Съём-установка пружины передней подвески / "Нива",Съём-установка пружи,"Нива",1,1,0,0,0,0,0,0,0
651,359,2,ВАЗ,Съём-установка пружины передней подвески / ВАЗ,Съём-установка пружи,ВАЗ,1,1,0,0,0,0,0,0,0
652,359,2,Иномарка,Съём-установка пружины передней подвески / Иномарка,Съём-установка пружи,Иномарка,1,1,0,0,0,0,0,0,0
653,360,2,ВАЗ,Замена подшипника верхней опоры / ВАЗ,Замена подшипника ве,ВАЗ,1,1,0,0,0,0,0,0,0
657,362,2,Классика,Съём-установка амортизатора передней подвески / Классика,Съём-установка аморт,Классика,1,1,0,0,0,0,0,0,0
656,362,2,"Нива",Съём-установка амортизатора передней подвески / "Нива",Съём-установка аморт,"Нива",1,1,0,0,0,0,0,0,0
655,362,2,Иномарка,Съём-установка амортизатора передней подвески / Иномарка,Съём-установка аморт,Иномарка,1,1,0,0,0,0,0,0,0
658,363,2,Классика,Съём-установка стабилизатора передней подвески / Классика,Съём-установка стаби,Классика,1,1,0,0,0,0,0,0,0
659,363,2,"Нива",Съём-установка стабилизатора передней подвески / "Нива",Съём-установка стаби,"Нива",1,1,0,0,0,0,0,0,0
660,363,2,ВАЗ,Съём-установка стабилизатора передней подвески / ВАЗ,Съём-установка стаби,ВАЗ,1,1,0,0,0,0,0,0,0
661,363,2,Иномарка,Съём-установка стабилизатора передней подвески / Иномарка,Съём-установка стаби,Иномарка,1,1,0,0,0,0,0,0,0
662,364,2,Классика,Замена наружной/внутренней втулки при снятом стабилизаторе / Классика,Замена наружной/внут,Классика,1,1,0,0,0,0,0,0,0
663,364,2,"Нива",Замена наружной/внутренней втулки при снятом стабилизаторе / "Нива",Замена наружной/внут,"Нива",1,1,0,0,0,0,0,0,0
664,364,2,ВАЗ,Замена наружной/внутренней втулки при снятом стабилизатоВАЗ,Замена наружной/внут,ВАЗ,1,1,0,0,0,0,0,0,0
665,365,2,Классика,Замена рулевого наконечника / Классика,Замена рулевого нако,Классика,1,1,0,0,0,0,0,0,0
666,365,2,"Нива",Съём-установка кронштейна стабилизатора (пара) / "Нива",Съём-установка кронш,"Нива",1,1,0,0,0,0,0,0,0
667,365,2,ВАЗ,Съём-установка кронштейна стабилизатора (пара) / ВАЗ,Съём-установка кронш,ВАЗ,1,1,0,0,0,0,0,0,0
668,365,2,Иномарка,Съём-установка кронштейна стабилизатора (пара) / Иномарка,Съём-установка кронш,Иномарка,1,1,0,0,0,0,0,0,0
669,366,2,Классика,Съём-установка пружины задней подвески / Классика,Съём-установка пружи,Классика,1,1,0,0,0,0,0,0,0
670,366,2,"Нива",Съём-установка пружины задней подвески / "Нива",Съём-установка пружи,"Нива",1,1,0,0,0,0,0,0,0
671,366,2,ВАЗ,Съём-установка пружины задней подвески / ВАЗ,Съём-установка пружи,ВАЗ,1,1,0,0,0,0,0,0,0
672,366,2,Иномарка,Съём-установка пружины задней подвески / Иномарка,Съём-установка пружи,Иномарка,1,1,0,0,0,0,0,0,0
673,368,2,Классика,Съём-установка амортизатора задней подвески / Классика,Съём-установка аморт,Классика,1,1,0,0,0,0,0,0,0
674,368,2,"Нива",Съём-установка амортизатора задней подвески / "Нива",Съём-установка аморт,"Нива",1,1,0,0,0,0,0,0,0
675,368,2,ВАЗ,Съём-установка амортизатора задней подвески / ВАЗ,Съём-установка аморт,ВАЗ,1,1,0,0,0,0,0,0,0
676,368,2,Иномарка,Съём-установка амортизатора задней подвески / Иномарка,Съём-установка аморт,Иномарка,1,1,0,0,0,0,0,0,0
677,369,2,Классика,Съём-установка штанги (верхней, нижней поперечины) / Классика,Съём-установка штанг,Классика,1,1,0,0,0,0,0,0,0
678,369,2,"Нива",Съём-установка штанги (верхней, нижней поперечины) / "Нива",Съём-установка штанг,"Нива",1,1,0,0,0,0,0,0,0
679,369,2,ВАЗ,Съём-установка штанги (верхней, нижней поперечины) / ВАЗ,Съём-установка штанг,ВАЗ,1,1,0,0,0,0,0,0,0
680,237,2,Классика,Съём-установка средней рулевой тяги / Классика,Съём-установка средн,Классика,1,1,0,0,0,0,0,0,0
681,237,2,"Нива",Съём-установка средней рулевой тяги / "Нива",Съём-установка средн,"Нива",1,1,0,0,0,0,0,0,0
682,237,2,Иномарка,Съём-установка средней рулевой тяги / Иномарка,Съём-установка средн,Иномарка,1,1,0,0,0,0,0,0,0
683,238,2,Классика,Замена рулевой тяги или наконечника / Классика,Замена рулевой тяги ,Классика,1,1,0,0,0,0,0,0,0
684,238,2,"Нива",Замена рулевой тяги или наконечника / "Нива",Замена рулевой тяги ,"Нива",1,1,0,0,0,0,0,0,0
685,238,2,ВАЗ,Замена рулевой тяги или наконечника / ВАЗ,Замена рулевой тяги ,ВАЗ,1,1,0,0,0,0,0,0,0
686,238,2,Иномарка,Замена рулевой тяги или наконечника / Иномарка,Замена рулевой тяги ,Иномарка,1,1,0,0,0,0,0,0,0
687,239,2,Классика,Замена защитного колпачка рулевой тяги или наконечника / Классика,Замена защитного кол,Классика,1,1,0,0,0,0,0,0,0
688,239,2,"Нива",Замена защитного колпачка рулевой тяги или наконечника / "Нива",Замена защитного кол,"Нива",1,1,0,0,0,0,0,0,0
689,239,2,ВАЗ,Замена защитного колпачка рулевой тяги или наконечника / ВАЗ,Замена защитного кол,ВАЗ,1,1,0,0,0,0,0,0,0
690,239,2,Иномарка,Замена защитного колпачка рулевой тяги или наконечника / Иномарка,Замена защитного кол,Иномарка,1,1,0,0,0,0,0,0,0
691,240,2,Классика,Съём-установка маятникового рычага в сборе / Классика,Съём-установка маятн,Классика,1,1,0,0,0,0,0,0,0
692,240,2,"Нива",Съём-установка маятникового рычага в сборе / "Нива",Съём-установка маятн,"Нива",1,1,0,0,0,0,0,0,0
693,240,2,Иномарка,Съём-установка маятникового рычага в сборе / Иномарка,Съём-установка маятн,Иномарка,1,1,0,0,0,0,0,0,0
694,355,2,Классика,Съём-установка ступицы в сборе / Классика,Съём-установка ступи,Классика,1,1,0,0,0,0,0,0,0
695,355,2,"Нива",Съём-установка ступицы в сборе / "Нива",Съём-установка ступи,"Нива",1,1,0,0,0,0,0,0,0
696,355,2,ВАЗ,Съём-установка ступицы в сборе / ВАЗ,Съём-установка ступи,ВАЗ,1,1,0,0,0,0,0,0,0
697,356,2,Классика,Замена подшипника ступицы / Классика,Замена подшипника ст,Классика,1,1,0,0,0,0,0,0,0
698,356,2,"Нива",Замена подшипника ступицы / "Нива",Замена подшипника ст,"Нива",1,1,0,0,0,0,0,0,0
699,356,2,ВАЗ,Замена подшипника ступицы / ВАЗ,Замена подшипника ст,ВАЗ,1,1,0,0,0,0,0,0,0
700,356,2,Иномарка,Замена подшипника ступицы / Иномарка,Замена подшипника ст,Иномарка,1,1,0,0,0,0,0,0,0
701,357,2,Классика,Замена сальника ступицы / Классика,Замена сальника ступ,Классика,1,1,0,0,0,0,0,0,0
702,357,2,"Нива",Замена сальника ступицы / "Нива",Замена сальника ступ,"Нива",1,1,0,0,0,0,0,0,0
703,357,2,ВАЗ,Замена сальника ступицы / ВАЗ,Замена сальника ступ,ВАЗ,1,1,0,0,0,0,0,0,0
704,357,2,Иномарка,Замена сальника ступицы / Иномарка,Замена сальника ступ,Иномарка,1,1,0,0,0,0,0,0,0
705,358,2,ВАЗ,Съём-установка ступицы заднего колеса / ВАЗ,Съём-установка ступи,ВАЗ,1,1,0,0,0,0,0,0,0
717,241,2,Классика,Замеа рулевой рейки / Классика,Замеа рулевой рейки,Классика,1,1,0,0,0,0,0,0,0
715,241,2,"Нива",Замеа рулевой рейки / "Нива",Замеа рулевой рейки,"Нива",1,1,0,0,0,0,0,0,0
716,241,2,ВАЗ,Замеа рулевой рейки / ВАЗ,Замеа рулевой рейки,ВАЗ,1,1,0,0,0,0,0,0,0
718,241,2,Иномарка,Замеа рулевой рейки / Иномарка,Замеа рулевой рейки,Иномарка,1,1,0,0,0,0,0,0,0
719,242,2,Классика,Замена пыльника на рулевой рейке / Классика,Замена пыльника на р,Классика,1,1,0,0,0,0,0,0,0
720,242,2,"Нива",Замена пыльника на рулевой рейке / "Нива",Замена пыльника на р,"Нива",1,1,0,0,0,0,0,0,0
721,242,2,ВАЗ,Замена пыльника на рулевой рейке / ВАЗ,Замена пыльника на р,ВАЗ,1,1,0,0,0,0,0,0,0
722,242,2,Иномарка,Замена пыльника на рулевой рейке / Иномарка,Замена пыльника на р,Иномарка,1,1,0,0,0,0,0,0,0
723,244,2,ВАЗ,Замена пыльника на рулевой рейке / ВАЗ,Замена пыльника на р,ВАЗ,1,1,0,0,0,0,0,0,0
724,244,2,Иномарка,Замена пыльника на рулевой рейке / Иномарка,Замена пыльника на р,Иномарка,1,1,0,0,0,0,0,0,0
731,245,2,Классика,Съём-установка суппорта переднего тормоза / Классика,Съём-установка суппо,Классика,1,1,0,0,0,0,0,0,0
732,245,2,"Нива",Съём-установка суппорта переднего тормоза / "Нива",Съём-установка суппо,"Нива",1,1,0,0,0,0,0,0,0
727,243,2,ВАЗ,Замена рем. комплекта на рулевую рейку / ВАЗ,Замена рем. комплект,ВАЗ,1,1,0,0,0,0,0,0,0
729,245,2,ВАЗ,Съём-установка суппорта переднего тормоза / ВАЗ,Съём-установка суппо,ВАЗ,1,1,0,0,0,0,0,0,0
730,245,2,Иномарка,Съём-установка суппорта переднего тормоза / Иномарка,Съём-установка суппо,Иномарка,1,1,0,0,0,0,0,0,0
733,246,2,Классика,Ремонт суппорта переднего тормоза / Классика,Ремонт суппорта пере,Классика,1,1,0,0,0,0,0,0,0
734,246,2,"Нива",Ремонт суппорта переднего тормоза / "Нива",Ремонт суппорта пере,"Нива",1,1,0,0,0,0,0,0,0
735,246,2,ВАЗ,Ремонт суппорта переднего тормоза / ВАЗ,Ремонт суппорта пере,ВАЗ,1,1,0,0,0,0,0,0,0
736,246,2,Иномарка,Ремонт суппорта переднего тормоза / Иномарка,Ремонт суппорта пере,Иномарка,1,1,0,0,0,0,0,0,0
737,247,2,Классика,Замена тормозного диска / Классика,Замена тормозного ди,Классика,1,1,0,0,0,0,0,0,0
738,247,2,"Нива",Замена тормозного диска / "Нива",Замена тормозного ди,"Нива",1,1,0,0,0,0,0,0,0
739,247,2,ВАЗ,Замена тормозного диска / ВАЗ,Замена тормозного ди,ВАЗ,1,1,0,0,0,0,0,0,0
740,247,2,Иномарка,Замена тормозного диска / Иномарка,Замена тормозного ди,Иномарка,1,1,0,0,0,0,0,0,0
741,248,2,Классика,Съём-установка соединительной трубы суппорта / Классика,Съём-установка соеди,Классика,1,1,0,0,0,0,0,0,0
742,248,2,"Нива",Съём-установка соединительной трубы суппорта / "Нива",Съём-установка соеди,"Нива",1,1,0,0,0,0,0,0,0
743,248,2,ВАЗ,Съём-установка соединительной трубы суппорта / ВАЗ,Съём-установка соеди,ВАЗ,1,1,0,0,0,0,0,0,0
744,248,2,Иномарка,Съём-установка соединительной трубы суппорта / Иномарка,Съём-установка соеди,Иномарка,1,1,0,0,0,0,0,0,0
745,249,2,Классика,Замена тормозного шланга / Классика,Замена тормозного шл,Классика,1,1,0,0,0,0,0,0,0
746,249,2,"Нива",Замена тормозного шланга / "Нива",Замена тормозного шл,"Нива",1,1,0,0,0,0,0,0,0
747,249,2,ВАЗ,Замена тормозного шланга / ВАЗ,Замена тормозного шл,ВАЗ,1,1,0,0,0,0,0,0,0
748,249,2,Иномарка,Замена тормозного шланга / Иномарка,Замена тормозного шл,Иномарка,1,1,0,0,0,0,0,0,0
749,250,2,Классика,Замена передних тормозных колодок / Классика,Замена передних торм,Классика,1,1,0,0,0,0,0,0,0
750,250,2,"Нива",Замена передних тормозных колодок / "Нива",Замена передних торм,"Нива",1,1,0,0,0,0,0,0,0
751,250,2,ВАЗ,Замена передних тормозных колодок / ВАЗ,Замена передних торм,ВАЗ,1,1,0,0,0,0,0,0,0
752,250,2,Иномарка,Замена передних тормозных колодок / Иномарка,Замена передних торм,Иномарка,1,1,0,0,0,0,0,0,0
753,251,2,Классика,Замена задних тормозных колодок / Классика,Замена задних тормоз,Классика,1,1,0,0,0,0,0,0,0
754,251,2,"Нива",Замена задних тормозных колодок / "Нива",Замена задних тормоз,"Нива",1,1,0,0,0,0,0,0,0
755,251,2,ВАЗ,Замена задних тормозных колодок / ВАЗ,Замена задних тормоз,ВАЗ,1,1,0,0,0,0,0,0,0
756,251,2,Иномарка,Замена задних тормозных колодок / Иномарка,Замена задних тормоз,Иномарка,1,1,0,0,0,0,0,0,0
757,252,2,Классика,Замена тросса ручного тормоза / Классика,Замена тросса ручног,Классика,1,1,0,0,0,0,0,0,0
758,252,2,"Нива",Замена тросса ручного тормоза / "Нива",Замена тросса ручног,"Нива",1,1,0,0,0,0,0,0,0
759,252,2,ВАЗ,Замена тросса ручного тормоза / ВАЗ,Замена тросса ручног,ВАЗ,1,1,0,0,0,0,0,0,0
760,252,2,Иномарка,Замена тросса ручного тормоза / Иномарка,Замена тросса ручног,Иномарка,1,1,0,0,0,0,0,0,0
761,253,2,Классика,Съём-установка тормозного барабана / Классика,Съём-установка тормо,Классика,1,1,0,0,0,0,0,0,0
762,253,2,"Нива",Съём-установка тормозного барабана (пара) / "Нива",Съём-установка тормо,"Нива",1,1,0,0,0,0,0,0,0
763,253,2,ВАЗ,Съём-установка тормозного барабана (пара) / ВАЗ,Съём-установка тормо,ВАЗ,1,1,0,0,0,0,0,0,0
764,253,2,Иномарка,Съём-установка тормозного барабана (пара) / Иномарка,Съём-установка тормо,Иномарка,1,1,0,0,0,0,0,0,0
765,254,2,Классика,Замена главного тормозного цилиндра / Классика,Замена главного торм,Классика,1,1,0,0,0,0,0,0,0
766,254,2,"Нива",Замена главного тормозного цилиндра / "Нива",Замена главного торм,"Нива",1,1,0,0,0,0,0,0,0
767,254,2,ВАЗ,Замена главного тормозного цилиндра / ВАЗ,Замена главного торм,ВАЗ,1,1,0,0,0,0,0,0,0
768,254,2,Иномарка,Замена главного тормозного цилиндра / Иномарка,Замена главного торм,Иномарка,1,1,0,0,0,0,0,0,0
769,255,2,Классика,Замена заднего тормозного цилиндра / Классика,Замена заднего тормо,Классика,1,1,0,0,0,0,0,0,0
770,255,2,"Нива",Замена заднего тормозного цилиндра / "Нива",Замена заднего тормо,"Нива",1,1,0,0,0,0,0,0,0
771,255,2,ВАЗ,Замена заднего тормозного цилиндра / ВАЗ,Замена заднего тормо,ВАЗ,1,1,0,0,0,0,0,0,0
772,255,2,Иномарка,Замена заднего тормозного цилиндра / Иномарка,Замена заднего тормо,Иномарка,1,1,0,0,0,0,0,0,0
773,256,2,Классика,Замена тормозной трубки (длинной, короткой) / Классика,Замена тормозной тру,Классика,1,1,0,0,0,0,0,0,0
774,256,2,"Нива",Замена тормозной трубки (длинной, короткой) / "Нива",Замена тормозной тру,"Нива",1,1,0,0,0,0,0,0,0
775,256,2,ВАЗ,Замена тормозной трубки (длинной, короткой) / ВАЗ,Замена тормозной тру,ВАЗ,1,1,0,0,0,0,0,0,0
776,256,2,Иномарка,Замена тормозной трубки (длинной, короткой) / Иномарка,Замена тормозной тру,Иномарка,1,1,0,0,0,0,0,0,0
777,257,2,Классика,Замена вакуума / Классика,Замена вакуума,Классика,1,1,0,0,0,0,0,0,0
778,257,2,"Нива",Замена вакуума / "Нива",Замена вакуума,"Нива",1,1,0,0,0,0,0,0,0
779,257,2,ВАЗ,Замена вакуума / ВАЗ,Замена вакуума,ВАЗ,1,1,0,0,0,0,0,0,0
780,257,2,Иномарка,Замена вакуума / Иномарка,Замена вакуума,Иномарка,1,1,0,0,0,0,0,0,0
781,258,2,Классика,Съём-установка регулятора давления тормозов / Классика,Съём-установка регул,Классика,1,1,0,0,0,0,0,0,0
782,258,2,"Нива",Съём-установка регулятора давления тормозов / "Нива",Съём-установка регул,"Нива",1,1,0,0,0,0,0,0,0
783,258,2,ВАЗ,Съём-установка регулятора давления тормозов / ВАЗ,Съём-установка регул,ВАЗ,1,1,0,0,0,0,0,0,0
784,258,2,Иномарка,Съём-установка регулятора давления тормозов / Иномарка,Съём-установка регул,Иномарка,1,1,0,0,0,0,0,0,0
785,268,2,Классика,Замена тормозной жидкости / Классика,Замена тормозной жид,Классика,1,1,0,0,0,0,0,0,0
786,268,2,"Нива",Замена тормозной жидкости / "Нива",Замена тормозной жид,"Нива",1,1,0,0,0,0,0,0,0
787,268,2,ВАЗ,Замена тормозной жидкости / ВАЗ,Замена тормозной жид,ВАЗ,1,1,0,0,0,0,0,0,0
788,268,2,Иномарка,Замена тормозной жидкости / Иномарка,Замена тормозной жид,Иномарка,1,1,0,0,0,0,0,0,0
789,271,2,Классика,Регулировка стояночного тормоза / Классика,Регулировка стояночн,Классика,1,1,0,0,0,0,0,0,0
790,271,2,"Нива",Регулировка стояночного тормоза / "Нива",Регулировка стояночн,"Нива",1,1,0,0,0,0,0,0,0
791,271,2,ВАЗ,Регулировка стояночного тормоза / ВАЗ,Регулировка стояночн,ВАЗ,1,1,0,0,0,0,0,0,0
792,271,2,Иномарка,Регулировка стояночного тормоза / Иномарка,Регулировка стояночн,Иномарка,1,1,0,0,0,0,0,0,0
793,354,2,Классика,Регулировка дверного замка / Классика,Регулировка дверного,Классика,1,1,0,0,0,0,0,0,0
794,354,2,"Нива",Регулировка дверного замка / "Нива",Регулировка дверного,"Нива",1,1,0,0,0,0,0,0,0
795,354,2,ВАЗ,Регулировка дверного замка / ВАЗ,Регулировка дверного,ВАЗ,1,1,0,0,0,0,0,0,0
796,354,2,Иномарка,Регулировка дверного замка / Иномарка,Регулировка дверного,Иномарка,1,1,0,0,0,0,0,0,0
797,343,2,Классика,Замена смазки в передней ступице (1 сторона) / Классика,Замена смазки в пере,Классика,1,1,0,0,0,0,0,0,0
798,343,2,"Нива",Замена смазки в передней ступице (1 сторона) / "Нива",Замена смазки в пере,"Нива",1,1,0,0,0,0,0,0,0
799,343,2,Иномарка,Замена смазки в передней ступице (1 сторона) / Иномарка,Замена смазки в пере,Иномарка,1,1,0,0,0,0,0,0,0
800,411,1,ВАЗ,Шайбы / ВАЗ,Шайбы,ВАЗ,1,1,0,0,0,0,0,0,0
801,411,1,"Волга",Шайбы / "Волга",Шайбы,"Волга",1,1,0,0,0,0,0,0,0
802,411,1,Джип,Шайбы / Джип,Шайбы,Джип,1,1,0,0,0,0,0,0,0
803,410,2,Иномарка 1 или 2 оси,Развал-схождение / Иномарка 1 или 2 оси,Развал-схождение,Иномарка 1 или 2 оси,1,1,0,0,0,0,0,0,0
804,410,2,"Жигули",Развал-схождение / "Жигули",Развал-схождение,"Жигули",1,1,0,0,0,0,0,0,0
805,410,2,"Нива",Развал-схождение / "Нива",Развал-схождение,"Нива",1,1,0,0,0,0,0,0,0
806,410,2,"Волга",Развал-схождение / "Волга",Развал-схождение,"Волга",1,1,0,0,0,0,0,0,0
807,410,2,Джип до 17 дюймов,Развал-схождение / Джип до 17 дюймов,Развал-схождение,Джип до 17 дюймов,1,1,0,0,0,0,0,0,0
808,410,2,Джип 17''+ или с применением шайб,Развал-схождение / Джип 17''+ или с применением шайб,Развал-схождение,Джип 17''+ или с при,1,1,0,0,0,0,0,0,0
809,488,2,Классика,Замена нижнего рычага / Классика,Замена нижнего рычаг,Классика,1,1,0,0,0,0,0,0,0
810,488,2,"Нива",Замена нижнего рычага / "Нива",Замена нижнего рычаг,"Нива",1,1,0,0,0,0,0,0,0
811,488,2,ВАЗ,Замена нижнего рычага / ВАЗ,Замена нижнего рычаг,ВАЗ,1,1,0,0,0,0,0,0,0
812,488,2,Иномарка,Замена нижнего рычага / Иномарка,Замена нижнего рычаг,Иномарка,1,1,0,0,0,0,0,0,0
813,489,1,Классика,Замена верхнего рычага / Классика,Замена верхнего рыча,Классика,1,1,0,0,0,0,0,0,0
814,489,1,"Нива",Замена верхнего рычага / "Нива",Замена верхнего рыча,"Нива",1,1,0,0,0,0,0,0,0
815,489,2,Иномарка,Замена верхнего рычага / Иномарка,Замена верхнего рыча,Иномарка,1,1,0,0,0,0,0,0,0
816,491,1,Классика,Замена шаровой опоры / Классика,Замена шаровой опоры,Классика,1,1,0,0,0,0,0,0,0
817,491,2,"Нива",Замена шаровой опоры / "Нива",Замена шаровой опоры,"Нива",1,1,0,0,0,0,0,0,0
818,491,2,ВАЗ,Замена шаровой опоры / ВАЗ,Замена шаровой опоры,ВАЗ,1,1,0,0,0,0,0,0,0
819,491,2,Иномарка,Замена шаровой опоры / Иномарка,Замена шаровой опоры,Иномарка,1,1,0,0,0,0,0,0,0
820,492,2,Классика,Замена сайлентблоков / Классика,Замена сайлентблоков,Классика,1,1,0,0,0,0,0,0,0
821,492,2,"Нива",Замена сайлентблоков / "Нива",Замена сайлентблоков,"Нива",1,1,0,0,0,0,0,0,0
822,492,2,ВАЗ,Замена сайлентблоков / ВАЗ,Замена сайлентблоков,ВАЗ,1,1,0,0,0,0,0,0,0
823,492,2,Иномарка,Замена сайлентблоков / Иномарка,Замена сайлентблоков,Иномарка,1,1,0,0,0,0,0,0,0
824,493,2,Классика,Замена рулевого маятника / Классика,Замена рулевого маят,Классика,1,1,0,0,0,0,0,0,0
825,493,2,"Нива",Замена рулевого маятника / "Нива",Замена рулевого маят,"Нива",1,1,0,0,0,0,0,0,0
826,493,2,Иномарка,Замена рулевого маятника / Иномарка,Замена рулевого маят,Иномарка,1,1,0,0,0,0,0,0,0
827,494,2,Классика,Замена реактивных тяг (1 шт.) / Классика,Замена реактивных тя,Классика,1,1,0,0,0,0,0,0,0
828,494,2,"Нива",Замена реактивных тяг (1 шт.) / "Нива",Замена реактивных тя,"Нива",1,1,0,0,0,0,0,0,0
829,494,2,Иномарка,Замена реактивных тяг (1 шт.) / Иномарка,Замена реактивных тя,Иномарка,1,1,0,0,0,0,0,0,0
830,495,2,ВАЗ,С/у задних проставок под стойки / ВАЗ,С/у задних проставок,ВАЗ,1,1,0,0,0,0,0,0,0
832,496,2,ВАЗ,Замена краба / ВАЗ,Замена краба,ВАЗ,1,1,0,0,0,0,0,0,0
834,497,2,Классика,Осмотр ходовой части / Классика,Осмотр ходовой части,Классика,1,1,0,0,0,0,0,0,0
835,497,2,"Нива",Осмотр ходовой части / "Нива",Осмотр ходовой части,"Нива",1,1,0,0,0,0,0,0,0
836,497,2,ВАЗ,Осмотр ходовой части / ВАЗ,Осмотр ходовой части,ВАЗ,1,1,0,0,0,0,0,0,0
837,497,2,Иномарка,Осмотр ходовой части / Иномарка,Осмотр ходовой части,Иномарка,1,1,0,0,0,0,0,0,0
838,352,2,Классика,Регулировка хода педали сцепления / Классика,Регулировка хода пед,Классика,1,1,0,0,0,0,0,0,0
839,352,2,"Нива",Регулировка хода педали сцепления / "Нива",Регулировка хода пед,"Нива",1,1,0,0,0,0,0,0,0
840,352,2,ВАЗ,Регулировка хода педали сцепления / ВАЗ,Регулировка хода пед,ВАЗ,1,1,0,0,0,0,0,0,0
841,352,2,Иномарка,Регулировка хода педали сцепления / Иномарка,Регулировка хода пед,Иномарка,1,1,0,0,0,0,0,0,0
842,322,2,Классика,Замена масла в КПП / Классика,Замена масла в КПП,Классика,1,1,0,0,0,0,0,0,0
843,322,2,"Нива",Замена масла в КПП / "Нива",Замена масла в КПП,"Нива",1,1,0,0,0,0,0,0,0
844,322,2,ВАЗ,Замена масла в КПП / ВАЗ,Замена масла в КПП,ВАЗ,1,1,0,0,0,0,0,0,0
845,322,2,Иномарка,Замена масла в КПП / Иномарка,Замена масла в КПП,Иномарка,1,1,0,0,0,0,0,0,0
846,323,2,"Нива",Замена масла в раздаточной коробке / "Нива",Замена масла в разда,"Нива",1,1,0,0,0,0,0,0,0
848,342,2,Классика,Смазка шлицов карданного вала / Классика,Смазка шлицов кардан,Классика,1,1,0,0,0,0,0,0,0
849,342,2,"Нива",Смазка шлицов карданного вала / "Нива",Смазка шлицов кардан,"Нива",1,1,0,0,0,0,0,0,0
850,342,2,ВАЗ,Смазка шлицов карданного вала / ВАЗ,Смазка шлицов кардан,ВАЗ,1,1,0,0,0,0,0,0,0
851,342,2,Иномарка,Смазка шлицов карданного вала / Иномарка,Смазка шлицов кардан,Иномарка,1,1,0,0,0,0,0,0,0
852,341,2,Классика,Замена масла в редукторе заднего моста / Классика,Замена масла в редук,Классика,1,1,0,0,0,0,0,0,0
853,341,2,"Нива",Замена масла в редукторе заднего моста / "Нива",Замена масла в редук,"Нива",1,1,0,0,0,0,0,0,0
854,311,2,Классика,Замена масла в двигателе / Классика,Замена масла в двига,Классика,1,1,0,0,0,0,0,0,0
855,311,2,"Нива",Замена масла в двигателе / "Нива",Замена масла в двига,"Нива",1,1,0,0,0,0,0,0,0
856,311,2,ВАЗ,Замена масла в двигателе / ВАЗ,Замена масла в двига,ВАЗ,1,1,0,0,0,0,0,0,0
857,311,2,Иномарка,Замена масла в двигателе / Иномарка,Замена масла в двига,Иномарка,1,1,0,0,0,0,0,0,0
858,312,2,Классика,Замена масла в двигателе с промывкой / Классика,Замена масла в двига,Классика,1,1,0,0,0,0,0,0,0
859,312,2,"Нива",Замена масла в двигателе с промывкой / "Нива",Замена масла в двига,"Нива",1,1,0,0,0,0,0,0,0
860,312,2,ВАЗ,Замена масла в двигателе с промывкой / ВАЗ,Замена масла в двига,ВАЗ,1,1,0,0,0,0,0,0,0
861,312,2,Иномарка,Замена масла в двигателе с промывкой / Иномарка,Замена масла в двига,Иномарка,1,1,0,0,0,0,0,0,0
862,338,2,Классика,Доливка масла / Классика,Доливка масла,Классика,1,1,0,0,0,0,0,0,0
863,338,2,"Нива",Доливка масла / "Нива",Доливка масла,"Нива",1,1,0,0,0,0,0,0,0
864,338,2,ВАЗ,Доливка масла / ВАЗ,Доливка масла,ВАЗ,1,1,0,0,0,0,0,0,0
865,338,2,Иномарка,Доливка масла / Иномарка,Доливка масла,Иномарка,1,1,0,0,0,0,0,0,0
866,310,2,Классика,Замена охлаждающей жидкости / Классика,Замена охлаждающей ж,Классика,1,1,0,0,0,0,0,0,0
867,310,2,"Нива",Замена охлаждающей жидкости / "Нива",Замена охлаждающей ж,"Нива",1,1,0,0,0,0,0,0,0
868,310,2,ВАЗ,Замена охлаждающей жидкости / ВАЗ,Замена охлаждающей ж,ВАЗ,1,1,0,0,0,0,0,0,0
869,310,2,Иномарка,Замена охлаждающей жидкости / Иномарка,Замена охлаждающей ж,Иномарка,1,1,0,0,0,0,0,0,0
870,349,2,Классика,Регулировка натяжения цепи ГРМ / Классика,Регулировка натяжени,Классика,1,1,0,0,0,0,0,0,0
871,349,2,"Нива",Регулировка натяжения цепи ГРМ / "Нива",Регулировка натяжени,"Нива",1,1,0,0,0,0,0,0,0
872,349,2,ВАЗ,Регулировка натяжения цепи ГРМ / ВАЗ,Регулировка натяжени,ВАЗ,1,1,0,0,0,0,0,0,0
873,350,2,Классика,Регулировка зазоров клапанного механизма / Классика,Регулировка зазоров ,Классика,1,1,0,0,0,0,0,0,0
874,350,2,"Нива",Регулировка зазоров клапанного механизма / "Нива",Регулировка зазоров ,"Нива",1,1,0,0,0,0,0,0,0
875,350,2,ВАЗ,Регулировка зазоров клапанного механизма / ВАЗ,Регулировка зазоров ,ВАЗ,1,1,0,0,0,0,0,0,0
876,350,2,Иномарка,Регулировка зазоров клапанного механизма / Иномарка,Регулировка зазоров ,Иномарка,1,1,0,0,0,0,0,0,0
877,499,2,Классика,Болта развала / Классика,Болта развала,Классика,1,1,0,0,0,0,0,0,0
878,499,2,"Нива",Болта развала / "Нива",Болта развала,"Нива",1,1,0,0,0,0,0,0,0
879,499,2,ВАЗ,Болта развала / ВАЗ,Болта развала,ВАЗ,1,1,0,0,0,0,0,0,0
880,499,2,Иномарка,Болта развала / Иномарка,Болта развала,Иномарка,1,1,0,0,0,0,0,0,0
881,500,2,Классика,Рулевой наконечник / Классика,Рулевой наконечник,Классика,1,1,0,0,0,0,0,0,0
882,500,2,"Нива",Рулевой наконечник / "Нива",Рулевой наконечник,"Нива",1,1,0,0,0,0,0,0,0
883,500,2,ВАЗ,Рулевой наконечник / ВАЗ,Рулевой наконечник,ВАЗ,1,1,0,0,0,0,0,0,0
884,500,2,Иномарка,Рулевой наконечник / Иномарка,Рулевой наконечник,Иномарка,1,1,0,0,0,0,0,0,0
885,501,2,Классика,Замена топливного фильтра / Классика,Замена топливного фи,Классика,1,1,0,0,0,0,0,0,0
886,501,2,"Нива",Замена топливного фильтра / "Нива",Замена топливного фи,"Нива",1,1,0,0,0,0,0,0,0
887,501,2,ВАЗ,Замена топливного фильтра / ВАЗ,Замена топливного фи,ВАЗ,1,1,0,0,0,0,0,0,0
888,501,2,Иномарка,Замена топливного фильтра / Иномарка,Замена топливного фи,Иномарка,1,1,0,0,0,0,0,0,0
889,502,2,Классика,Замена троса спидометра / Классика,Замена троса спидоме,Классика,1,1,0,0,0,0,0,0,0
890,502,2,"Нива",Замена троса спидометра / "Нива",Замена троса спидоме,"Нива",1,1,0,0,0,0,0,0,0
891,502,2,ВАЗ,Замена троса спидометра / ВАЗ,Замена троса спидоме,ВАЗ,1,1,0,0,0,0,0,0,0
892,502,2,Иномарка,Замена троса спидометра / Иномарка,Замена троса спидоме,Иномарка,1,1,0,0,0,0,0,0,0
893,503,2,Классика,Замена свечей зажигания / Классика,Замена свечей зажига,Классика,1,1,0,0,0,0,0,0,0
894,503,2,"Нива",Замена свечей зажигания / "Нива",Замена свечей зажига,"Нива",1,1,0,0,0,0,0,0,0
895,503,2,ВАЗ,Замена свечей зажигания / ВАЗ,Замена свечей зажига,ВАЗ,1,1,0,0,0,0,0,0,0
896,503,2,Иномарка,Замена свечей зажигания / Иномарка,Замена свечей зажига,Иномарка,1,1,0,0,0,0,0,0,0
897,504,2,Классика,Прокачка тормозной системы / Классика,Прокачка тормозной с,Классика,1,1,0,0,0,0,0,0,0
898,504,2,"Нива",Прокачка тормозной системы / "Нива",Прокачка тормозной с,"Нива",1,1,0,0,0,0,0,0,0
899,504,2,ВАЗ,Прокачка тормозной системы / ВАЗ,Прокачка тормозной с,ВАЗ,1,1,0,0,0,0,0,0,0
900,504,2,Иномарка,Прокачка тормозной системы / Иномарка,Прокачка тормозной с,Иномарка,1,1,0,0,0,0,0,0,0
901,505,2,Классика,Замер компрессии / Классика,Замер компрессии,Классика,1,1,0,0,0,0,0,0,0
902,505,2,"Нива",Замер компрессии / "Нива",Замер компрессии,"Нива",1,1,0,0,0,0,0,0,0
903,505,2,ВАЗ,Замер компрессии / ВАЗ,Замер компрессии,ВАЗ,1,1,0,0,0,0,0,0,0
904,505,2,Иномарка,Замер компрессии / Иномарка,Замер компрессии,Иномарка,1,1,0,0,0,0,0,0,0
905,169,2,Замена ремня ГРМ,Автоэлектрика / Замена ремня ГРМ,Автоэлектрика,Замена ремня ГРМ,1,1,0,0,0,0,0,0,0
1126,538,1,Пакеты,пакеты / Пакеты,пакеты,Пакеты,1,1,0,0,0,0,0,0,0
906,169,2,Смазка вала распределителя зажигания,Автоэлектрика / Смазка вала распределителя зажигания,Автоэлектрика,Смазка вала распреде,1,1,0,0,0,0,0,0,0
907,507,2,Сварка аргонно-дуговая,Аргон и полуавтомат / Сварка аргонно-дуговая,Аргон и полуавтомат,Сварка аргонно-дугов,1,1,0,0,0,0,0,0,0
908,507,2,Сварка полуавтоматом,Аргон и полуавтомат / Сварка полуавтоматом,Аргон и полуавтомат,Сварка полуавтоматом,1,1,0,0,0,0,0,0,0
909,508,2,Проточка тормозного диска,Проточка тормозных дисков / Проточка тормозного диска,Проточка тормозных д,Проточка тормозного ,1,1,0,0,0,0,0,0,0
911,508,2,Замена тормозных колодок,Проточка тормозных дисков / Замена тормозных колодок,Проточка тормозных д,Замена тормозных кол,1,1,0,0,0,0,0,0,0
912,509,2,Классика,Замена болта на нижнем рычаге / Классика,Замена болта на нижн,Классика,1,1,0,0,0,0,0,0,0
913,509,2,"Нива",Замена болта на нижнем рычаге / "Нива",Замена болта на нижн,"Нива",1,1,0,0,0,0,0,0,0
914,509,2,Иномарка,Замена болта на нижнем рычаге / Иномарка,Замена болта на нижн,Иномарка,1,1,0,0,0,0,0,0,0
915,510,2,Классика,С/у оси нижнего рычага / Классика,С/у оси нижнего рыча,Классика,1,1,0,0,0,0,0,0,0
916,510,2,"Нива",С/у оси нижнего рычага / "Нива",С/у оси нижнего рыча,"Нива",1,1,0,0,0,0,0,0,0
917,511,2,Классика,Замена поперечины подвески (балка) / Классика,Замена поперечины по,Классика,1,1,0,0,0,0,0,0,0
918,511,2,"Нива",Замена поперечины подвески (балка) / "Нива",Замена поперечины по,"Нива",1,1,0,0,0,0,0,0,0
919,511,2,Иномарка,Замена поперечины подвески (балка) / Иномарка,Замена поперечины по,Иномарка,1,1,0,0,0,0,0,0,0
920,506,2,С/у приёмной трубы,Мелкосрочный ремонт ГАЗ 31029-15 / С/у приёмной трубы,Мелкосрочный ремонт ,С/у приёмной трубы,1,1,0,0,0,0,0,0,0
921,506,2,Замена резонатора,Мелкосрочный ремонт ГАЗ 31029-15 / Замена резонатора,Мелкосрочный ремонт ,Замена резонатора,1,1,0,0,0,0,0,0,0
922,506,2,Замена основного глушителя,Мелкосрочный ремонт ГАЗ 31029-15 / Замена основного глушителя,Мелкосрочный ремонт ,Замена основного глу,1,1,0,0,0,0,0,0,0
923,506,2,Замена радиатора,Мелкосрочный ремонт ГАЗ 31029-15 / Замена радиатора,Мелкосрочный ремонт ,Замена радиатора,1,1,0,0,0,0,0,0,0
924,506,2,Замена радиатора отопителя,Мелкосрочный ремонт ГАЗ 31029-15 / Замена радиатора отопителя,Мелкосрочный ремонт ,Замена радиатора ото,1,1,0,0,0,0,0,0,0
925,506,2,Замена крана отопителя,Мелкосрочный ремонт ГАЗ 31029-15 / Замена крана отопителя,Мелкосрочный ремонт ,Замена крана отопите,1,1,0,0,0,0,0,0,0
926,506,2,Замена диска сцепления,Мелкосрочный ремонт ГАЗ 31029-15 / Замена диска сцепления,Мелкосрочный ремонт ,Замена диска сцеплен,1,1,0,0,0,0,0,0,0
927,506,2,Замена главного цилиндра сцепления,Мелкосрочный ремонт ГАЗ 31029-15 / Замена главного цилиндра сцепления,Мелкосрочный ремонт ,Замена главного цили,1,1,0,0,0,0,0,0,0
928,506,2,Замена рабочего цилиндра сцепления,Мелкосрочный ремонт ГАЗ 31029-15 / Замена рабочего цилиндра сцепления,Мелкосрочный ремонт ,Замена рабочего цили,1,1,0,0,0,0,0,0,0
929,506,2,С/у карданного вала,Мелкосрочный ремонт ГАЗ 31029-15 / С/у карданного вала,Мелкосрочный ремонт ,С/у карданного вала,1,1,0,0,0,0,0,0,0
956,506,2,Замена крестовины карданного вала,Мелкосрочный ремонт ГАЗ 31029-15 / Замена крестовины карданного вала,Мелкосрочный ремонт ,Замена крестовины ка,1,1,0,0,0,0,0,0,0
968,506,2,Замена подвесного подшипника,Мелкосрочный ремонт ГАЗ 31029-15 / Замена подвесного подшипника,Мелкосрочный ремонт ,Замена подвесного по,1,1,0,0,0,0,0,0,0
973,506,2,Замена передних торм колодок (барабан),Мелкосрочный ремонт ГАЗ 31029-15 / Замена передних торм колодок (барабан),Мелкосрочный ремонт ,Замена передних торм,1,1,0,0,0,0,0,0,0
1004,506,2,Замена передних торм. колодок (дисков),Мелкосрочный ремонт ГАЗ 31029-15 / Замена передних торм. колодок (дисков),Мелкосрочный ремонт ,Замена передних торм,1,1,0,0,0,0,0,0,0
1003,506,2,Замена задних торм колодок (барабан),Мелкосрочный ремонт ГАЗ 31029-15 / Замена задних торм колодок (барабан),Мелкосрочный ремонт ,Замена задних торм к,1,1,0,0,0,0,0,0,0
1012,506,2,Замена главного тормозного цилиндра,Мелкосрочный ремонт ГАЗ 31029-15 / Замена главного тормозного цилиндра,Мелкосрочный ремонт ,Замена главного торм,1,1,0,0,0,0,0,0,0
1009,506,2,Замена рабочего тормозного цилиндра,Мелкосрочный ремонт ГАЗ 31029-15 / Замена рабочего тормозного цилиндра,Мелкосрочный ремонт ,Замена рабочего торм,1,1,0,0,0,0,0,0,0
1008,506,2,Замена суппорта перед. колодок,Мелкосрочный ремонт ГАЗ 31029-15 / Замена суппорта перед. колодок,Мелкосрочный ремонт ,Замена суппорта пере,1,1,0,0,0,0,0,0,0
1011,506,2,Замена передних амортизаторов,Мелкосрочный ремонт ГАЗ 31029-15 / Замена передних амортизаторов,Мелкосрочный ремонт ,Замена передних амор,1,1,0,0,0,0,0,0,0
1006,506,2,Замена задних амортизаторов,Мелкосрочный ремонт ГАЗ 31029-15 / Замена задних амортизаторов,Мелкосрочный ремонт ,Замена задних аморти,1,1,0,0,0,0,0,0,0
1005,506,2,Замена задней рессоры,Мелкосрочный ремонт ГАЗ 31029-15 / Замена задней рессоры,Мелкосрочный ремонт ,Замена задней рессор,1,1,0,0,0,0,0,0,0
1007,506,2,Замена задней втулки рессор,Мелкосрочный ремонт ГАЗ 31029-15 / Замена задней втулки рессор,Мелкосрочный ремонт ,Замена задней втулки,1,1,0,0,0,0,0,0,0
1002,506,2,Замена сайлентблоков задних рессор (одна),Мелкосрочный ремонт ГАЗ 31029-15 / Замена сайлентблоков задних рессор (одна),Мелкосрочный ремонт ,Замена сайлентблоков,1,1,0,0,0,0,0,0,0
1001,506,2,Замена редуктора заднего моста,Мелкосрочный ремонт ГАЗ 31029-15 / Замена редуктора заднего моста,Мелкосрочный ремонт ,Замена редуктора зад,1,1,0,0,0,0,0,0,0
986,506,2,С/у задней полуоси,Мелкосрочный ремонт ГАЗ 31029-15 / С/у задней полуоси,Мелкосрочный ремонт ,С/у задней полуоси,1,1,0,0,0,0,0,0,0
987,506,2,Замена подшипника полуоси,Мелкосрочный ремонт ГАЗ 31029-15 / Замена подшипника полуоси,Мелкосрочный ремонт ,Замена подшипника по,1,1,0,0,0,0,0,0,0
997,506,2,Замена сальника полуоси,Мелкосрочный ремонт ГАЗ 31029-15 / Замена сальника полуоси,Мелкосрочный ремонт ,Замена сальника полу,1,1,0,0,0,0,0,0,0
998,506,2,Замена пружин перед. подвески,Мелкосрочный ремонт ГАЗ 31029-15 / Замена пружин перед. подвески,Мелкосрочный ремонт ,Замена пружин перед.,1,1,0,0,0,0,0,0,0
999,506,2,Замена верхних шаровых опор,Мелкосрочный ремонт ГАЗ 31029-15 / Замена верхних шаровых опор,Мелкосрочный ремонт ,Замена верхних шаров,1,1,0,0,0,0,0,0,0
1000,506,2,Замена нижних шаровых опор,Мелкосрочный ремонт ГАЗ 31029-15 / Замена нижних шаровых опор,Мелкосрочный ремонт ,Замена нижних шаровы,1,1,0,0,0,0,0,0,0
1013,506,2,С/у нижн. рычага перед. подвески (один),Мелкосрочный ремонт ГАЗ 31029-15 / С/у нижн. рычага перед. подвески (один),Мелкосрочный ремонт ,С/у нижн. рычага пер,1,1,0,0,0,0,0,0,0
1014,506,2,С/у нижн. рычага перед. подвески (в сборе),Мелкосрочный ремонт ГАЗ 31029-15 / С/у нижн. рычага перед. подвески (в сборе),Мелкосрочный ремонт ,С/у нижн. рычага пер,1,1,0,0,0,0,0,0,0
1015,506,2,С/у верх. рычага перед. подвески,Мелкосрочный ремонт ГАЗ 31029-15 / С/у верх. рычага перед. подвески,Мелкосрочный ремонт ,С/у верх. рычага пер,1,1,0,0,0,0,0,0,0
1016,506,2,Замена шкворней, резьбовых втулок,Мелкосрочный ремонт ГАЗ 31029-15 / Замена шкворней, резьбовых втулок,Мелкосрочный ремонт ,Замена шкворней, рез,1,1,0,0,0,0,0,0,0
1017,506,2,Замена болта нижнего рычага,Мелкосрочный ремонт ГАЗ 31029-15 / Замена болта нижнего рычага,Мелкосрочный ремонт ,Замена болта нижнего,1,1,0,0,0,0,0,0,0
1018,506,2,Замена болта нижнегот рычага (105),Мелкосрочный ремонт ГАЗ 31029-15 / Замена болта нижнегот рычага (105),Мелкосрочный ремонт ,Замена болта нижнего,1,1,0,0,0,0,0,0,0
1019,506,2,С/у стабилизатора перед. подвески,Мелкосрочный ремонт ГАЗ 31029-15 / С/у стабилизатора перед. подвески,Мелкосрочный ремонт ,С/у стабилизатора пе,1,1,0,0,0,0,0,0,0
1020,506,2,Замена втулки стабилизатора перед. подвески (на снятом),Мелкосрочный ремонт ГАЗ 31029-15 / Замена втулки стабилизатора перед. подвески (на снятом),Мелкосрочный ремонт ,Замена втулки стабил,1,1,0,0,0,0,0,0,0
1021,506,2,С/у кронштейна стабилизатора (пара),Мелкосрочный ремонт ГАЗ 31029-15 / С/у кронштейна стабилизатора (пара),Мелкосрочный ремонт ,С/у кронштейна стаби,1,1,0,0,0,0,0,0,0
1022,506,2,С/у заднего стабилизатора (105),Мелкосрочный ремонт ГАЗ 31029-15 / С/у заднего стабилизатора (105),Мелкосрочный ремонт ,С/у заднего стабилиз,1,1,0,0,0,0,0,0,0
1023,506,2,Замена втулки стабилизатора зад. подвески (на снятом),Мелкосрочный ремонт ГАЗ 31029-15 / Замена втулки стабилизатора зад. подвески (на снятом),Мелкосрочный ремонт ,Замена втулки стабил,1,1,0,0,0,0,0,0,0
1024,506,2,С/у сайлентблоков задних стабилизаторов,Мелкосрочный ремонт ГАЗ 31029-15 / С/у сайлентблоков задних стабилизаторов,Мелкосрочный ремонт ,С/у сайлентблоков за,1,1,0,0,0,0,0,0,0
1025,506,2,Замена сайлентблоков перед. подвески,Мелкосрочный ремонт ГАЗ 31029-15 / Замена сайлентблоков перед. подвески,Мелкосрочный ремонт ,Замена сайлентблоков,1,1,0,0,0,0,0,0,0
1026,506,2,Замена трапеции перед. подвески,Мелкосрочный ремонт ГАЗ 31029-15 / Замена трапеции перед. подвески,Мелкосрочный ремонт ,Замена трапеции пере,1,1,0,0,0,0,0,0,0
1027,506,2,Замена рулевых тяг перед. подвески,Мелкосрочный ремонт ГАЗ 31029-15 / Замена рулевых тяг перед. подвески,Мелкосрочный ремонт ,Замена рулевых тяг п,1,1,0,0,0,0,0,0,0
1028,506,2,Замена рулевых наконечников,Мелкосрочный ремонт ГАЗ 31029-15 / Замена рулевых наконечников,Мелкосрочный ремонт ,Замена рулевых након,1,1,0,0,0,0,0,0,0
1029,506,2,Перепрессовка рулевых тяг,Мелкосрочный ремонт ГАЗ 31029-15 / Перепрессовка рулевых тяг,Мелкосрочный ремонт ,Перепрессовка рулевы,1,1,0,0,0,0,0,0,0
1030,506,2,Замена маятника,Мелкосрочный ремонт ГАЗ 31029-15 / Замена маятника,Мелкосрочный ремонт ,Замена маятника,1,1,0,0,0,0,0,0,0
1031,506,2,Замена рулевого редуктора,Мелкосрочный ремонт ГАЗ 31029-15 / Замена рулевого редуктора,Мелкосрочный ремонт ,Замена рулевого реду,1,1,0,0,0,0,0,0,0
1032,506,2,Замена гидроусилителя руля,Мелкосрочный ремонт ГАЗ 31029-15 / Замена гидроусилителя руля,Мелкосрочный ремонт ,Замена гидроусилител,1,1,0,0,0,0,0,0,0
1033,506,2,Замена перед. тормозного шланга,Мелкосрочный ремонт ГАЗ 31029-15 / Замена перед. тормозного шланга,Мелкосрочный ремонт ,Замена перед. тормоз,1,1,0,0,0,0,0,0,0
1034,506,2,Замена троса ручника,Мелкосрочный ремонт ГАЗ 31029-15 / Замена троса ручника,Мелкосрочный ремонт ,Замена троса ручника,1,1,0,0,0,0,0,0,0
1035,506,2,Замена патрубка ручника,Мелкосрочный ремонт ГАЗ 31029-15 / Замена патрубка ручника,Мелкосрочный ремонт ,Замена патрубка ручн,1,1,0,0,0,0,0,0,0
1036,506,2,Замена термостата,Мелкосрочный ремонт ГАЗ 31029-15 / Замена термостата,Мелкосрочный ремонт ,Замена термостата,1,1,0,0,0,0,0,0,0
1037,506,2,Шприцовка перед. подвески,Мелкосрочный ремонт ГАЗ 31029-15 / Шприцовка перед. подвески,Мелкосрочный ремонт ,Шприцовка перед. под,1,1,0,0,0,0,0,0,0
1038,506,2,Промывка инжектора,Мелкосрочный ремонт ГАЗ 31029-15 / Промывка инжектора,Мелкосрочный ремонт ,Промывка инжектора,1,1,0,0,0,0,0,0,0
1039,506,2,Регулировка развала/схождения,Мелкосрочный ремонт ГАЗ 31029-15 / Регулировка развала/схождения,Мелкосрочный ремонт ,Регулировка развала/,1,1,0,0,0,0,0,0,0
1040,506,2,Полная переборка перед. подвески,Мелкосрочный ремонт ГАЗ 31029-15 / Полная переборка перед. подвески,Мелкосрочный ремонт ,Полная переборка пер,1,1,0,0,0,0,0,0,0
1045,512,2,Классика,Замер компрессии / Классика,Замер компрессии,Классика,1,1,0,0,0,0,0,0,0
1044,512,2,"Нива",Замер компрессии / "Нива",Замер компрессии,"Нива",1,1,0,0,0,0,0,0,0
1043,512,2,ВАЗ,Замер компрессии / ВАЗ,Замер компрессии,ВАЗ,1,1,0,0,0,0,0,0,0
1046,513,2,Классика,Протяжка головки блока / Классика,Протяжка головки бло,Классика,1,1,0,0,0,0,0,0,0
1047,513,2,ВАЗ,Протяжка головки блока / ВАЗ,Протяжка головки бло,ВАЗ,1,1,0,0,0,0,0,0,0
1048,514,2,Классика,Съём-установка нижнего рычага передней подвески / Классика,Съём-установка нижне,Классика,1,1,0,0,0,0,0,0,0
1049,514,2,"Нива",Съём-установка нижнего рычага передней подвески / "Нива",Съём-установка нижне,"Нива",1,1,0,0,0,0,0,0,0
1050,514,2,ВАЗ,Съём-установка нижнего рычага передней подвески / ВАЗ,Съём-установка нижне,ВАЗ,1,1,0,0,0,0,0,0,0
1051,514,2,Иномарка,Съём-установка нижнего рычага передней подвески / Иномарка,Съём-установка нижне,Иномарка,1,1,0,0,0,0,0,0,0
1052,515,2,Классика,Съём-установка верхнего рычага передней подвески / Классика,Съём-установка верхн,Классика,1,1,0,0,0,0,0,0,0
1053,515,2,"Нива",Съём-установка верхнего рычага передней подвески / "Нива",Съём-установка верхн,"Нива",1,1,0,0,0,0,0,0,0
1054,515,2,Иномарка,Съём-установка верхнего рычага передней подвески / Иномарка,Съём-установка верхн,Иномарка,1,1,0,0,0,0,0,0,0
1055,517,1,Стойка перед., Стойка перед.,Стойка перед.,Стойка реред.,1,1,0,0,0,0,0,0,0
1057,424,2,18-19 дюймов,Перебортовка / 18-19 дюймов,Перебортовка,18-19 дюймов,1,1,0,0,0,0,0,0,0
1058,424,2,20-22 дюйма,Перебортовка / 20-22 дюйма,Перебортовка,20-22 дюйма,1,1,0,0,0,0,0,0,0
1061,518,1,13 дюймов,Забортовка / 13 дюймов,Забортовка,13 дюймов,1,1,0,0,0,0,0,0,0
1062,518,1,14 дюймов,Забортовка / 14 дюймов,Забортовка,14 дюймов,1,1,0,0,0,0,0,0,0
1063,519,1,иномарка/ВАЗ/ГАЗ,Промывка инжектора / иномарка,Промывка инжектора,null,1,1,0,0,0,0,0,0,0
1067,520,1,R-14,Разбортовка / R-14,Разбортовка,R-14,1,1,0,0,0,0,0,0,0
1068,520,1,R-15,Разбортовка / R-15,Разбортовка,R-15,1,1,0,0,0,0,0,0,0
1066,520,1,R-13,Разбортовка / R-13,Разбортовка,R-13,1,1,0,0,0,0,0,0,0
1069,205,1,Ремонт камерный R-13,Монтаж шин / Ремонт камерный R-13,Монтаж шин,Ремонт камерный R-13,1,1,0,0,0,0,0,0,0
1070,205,1,Ремонт камерный "Газель",Ремонт камерный "|Газель",Монтаж шин,"Газель",1,1,0,0,0,0,0,0,0
1071,521,1,R-13,2.  Камеры / R-13,2.  Камеры, Камера R-13,1,1,0,0,0,0,0,0,0
1072,521,1,R-14,2.  Камеры / R-14,2.  Камеры, КамераR-14,1,1,0,0,0,0,0,0,0
1073,521,1,R-15,2.  Камеры / R-15,2.  Камеры, КамераR-15,1,1,0,0,0,0,0,0,0
1074,521,1,R-16,2.  Камеры / R-16,2.  Камеры, КамераR-16,1,1,0,0,0,0,0,0,0
1077,518,1,15 дюймов,15 дюймов,Забортовка,15 дюймов,1,1,0,0,0,0,0,0,0
1076,527,1,Вентель б/к,Вентель б/к,Вентель б/к,Вентель б/к,1,1,0,0,0,0,0,0,0
1080,528,1,Осмотр автомобиля,Осмотр / Осмотр автомобиля,Осмотр,Осмотр а/м,1,1,0,0,0,0,0,0,0
1079,518,1,Забортовка,Забортовка / Забортовка,Забортовка,Забортовка,1,1,0,0,0,0,0,0,0
1081,450,1,Монтаж колеса,Монтаж колеса,Монтаж колеса,монтаж колеса,1,1,0,0,0,0,0,0,0
1082,410,1,Замеры,Замеры развала схождения,Развал-схождение,Замеры развала схожд,1,1,0,0,0,0,0,0,0
1083,205,1,Ремонт камерный R-14,Ремонт камерный R-14,Монтаж шин,Ремонт камерный R-14,1,1,0,0,0,0,0,0,0
1084,205,1,Ремонт камерный R-15,Монтаж шин / Ремонт камерный R-15,Монтаж шин,Ремонт камерный R-15,1,1,0,0,0,0,0,0,0
1085,205,1,Ремонт камерный R-16,Монтаж шин / Ремонт камерный R-16,Монтаж шин,Ремонт камерный R-16,1,1,0,0,0,0,0,0,0
1086,205,1,Ремонт камерный R-17,18....,Ремонт камерный R-17,18...,Монтаж шин,Ремонт камерный R-17,1,1,0,0,0,0,0,0,0
1087,435,1,16 дюймов,Балансировка / 16 дюймов,Балансировка16 дюйм,16 дюймов,1,1,0,0,0,0,0,0,0
1088,487,1,Иномарка,Ремонт штампованных дисков / Иномарка,Ремонт штампованных ,Ремонт дисковИномар,1,1,0,0,0,0,0,0,0
1090,517,1,Пыльник стойки пер.,Пыльник стойки ,Запчасти,Пыльник стойки,1,1,0,0,0,0,0,0,0
1091,517,1,Отбойник перед. ,Отбойник перед.,Запчасти,Отбойник перед.,1,1,0,0,0,0,0,0,0
1092,517,1,Болт развальный,Болт развальный,Запчасти,Болт развальный,1,1,0,0,0,0,0,0,0
1093,517,1,Гайка,Гайка,Запчасти,Гайка,1,1,0,0,0,0,0,0,0
1096,529,1,Замена стойки задней,Замена стойки зад.,Замена стоек,Задней стойки зад.,1,1,0,0,0,0,0,0,0
1095,529,1,Замена стойки перед.,Замена стойки перед.,Замена стоек,Замена стойки перед.,1,1,0,0,0,0,0,0,0
1098,487,1,16 дюймов,16 дюймов,Ремонт штампованных ,16 дюймов,1,1,0,0,0,0,0,0,0
1099,530,1,Сварочные работы,Сварочные работы,СВАРОЧНЫЕ РАБОТЫ ,Сварочные работы,1,1,0,0,0,0,0,0,0
1100,411,1,Болт черный,Болт черный,Шайбы,Болт черный,1,1,0,0,0,0,0,0,0
1101,411,1,Болт развальный с шайбой,Болт развальный с шайбой,Шайбы,болт разв. с шайбой,1,1,0,0,0,0,0,0,0
1102,411,1,Гайка черная развальная,Гайка черная развальная,Шайбы,Гайка черная разв.,1,1,0,0,0,0,0,0,0
1103,411,1,Болт светлый без шайбы,болт светлый без шайбы,Шайбы,Болт светл.бшайбы,1,1,0,0,0,0,0,0,0
1104,517,1,Опора( 010),Опора (010),Запчасти,Опора (010),1,1,0,0,0,0,0,0,0
1105,532,1,Ремонт покрышки,Ремонт покрышки,Ремонт покрышки,Ремонт покрышки,1,1,0,0,0,0,0,0,0
1106,424,1,17 дюймов,Перебортовка / 17 дюймов,Перебортовка,17 дюймов,1,1,0,0,0,0,0,0,0
1107,435,1,УАЗ,БалансировкаУАЗ,Балансировка,УАЗ,1,1,0,0,0,0,0,0,0
1108,424,1,16 дюймов,Перебортовка / 16 дюймов,Перебортовка,16 дюймов,1,1,0,0,0,0,0,0,0
1109,450,1,16 дюймов,Монтаж колеса / 16 дюймов,Монтаж колеса,16 дюймов,1,1,0,0,0,0,0,0,0
1110,520,1,Разбортовка, Разбортовка/,Разбортовка,Разбортовка,1,1,0,0,0,0,0,0,0
1111,517,1,Главный тормозной цилиндр,Запчасти / Главный тормозной цилиндр,Запчасти,Гл.торм.цилиндр,1,1,0,0,0,0,0,0,0
1120,450,1,18-19 дюймов,Монтаж18-19дюймов,Монтаж колеса,18-19дюймов,1,1,0,0,0,0,0,0,0
1115,205,1,Ремонт камерный,Монтаж шин / ремонт камерный,Монтаж шин,Ремонт камерный,1,1,0,0,0,0,0,0,0
1121,450,1,20-22 дюймов,Монтаж20-22дюймов,Монтаж колеса,20-22дюймов,1,1,0,0,0,0,0,0,0
1119,424,1,низкопрофильные,Перебортовка / низкопрофильные,Перебортовка,низкопрофильные,1,1,0,0,0,0,0,0,0
1122,435,1,20-22 дюймов,Балансировка20-22 дюймов,Балансировка,20-22 дюймов,1,1,0,0,0,0,0,0,0
1123,424,1,null,NULL,NULL,NULL,1,1,0,0,0,0,0,0,0
1124,450,1,17 дюймов,Монтаж колеса / 17 дюймов,Монтаж колеса,17 дюймов,1,1,0,0,0,0,0,0,0
1125,169,1,Замена ремня ГРМ,Автоэлектрика / Замена ремня ГРМ,Автоэлектрика,Замена ремня ГРМ,1,1,0,0,0,0,0,0,0
1127,540,1,М/С ремонт а/м,1. М/С РЕМОНТ А/М / М/С ремонт а/м,1. М/С РЕМОНТ А/М,м/с ремонт,1,1,0,0,0,0,0,0,0
1130,520,1,null,NULL,NULL,NULL,1,1,0,0,0,0,0,0,0
1131,521,1,Авторезина,Авторезина,Авторезина,Авторезина,1,1,0,0,0,0,0,0,0
